7966.666667 -0.0541220 -0.0332076 -0.0451858 -0.0007597 0.0014974 0.0011656 0.9999979
7966.733333 -0.0596041 -0.0257109 -0.0139908 0.0047797 -0.0010822 -0.0029844 0.9999835
7966.766667 -0.0619828 -0.0218891 0.0014703 0.0073291 -0.0061507 -0.0043923 0.9999446
7966.800000 -0.0638739 -0.0189606 0.0161740 0.0090479 -0.0110560 -0.0054867 0.9998829
7966.833333 -0.0658058 -0.0170047 0.0310249 0.0098966 -0.0155560 -0.0067573 0.9998072
7966.866667 -0.0652023 -0.0182550 0.0426603 0.0105683 -0.0147588 -0.0075390 0.9998068
7966.900000 -0.0652954 -0.0208350 0.0561461 0.0104241 -0.0036151 -0.0094316 0.9998947
7966.966667 -0.0700469 -0.0244984 0.0875850 0.0081395 0.0114150 -0.0184676 0.9997312
7967.033333 -0.0733202 -0.0288760 0.1181622 0.0052362 0.0212667 -0.0251121 0.9994447
7967.100000 -0.0762077 -0.0292179 0.1489673 0.0031234 0.0163249 -0.0266470 0.9995067
7967.166667 -0.0768180 -0.0248954 0.1791345 0.0029597 0.0140162 -0.0231801 0.9996287
7967.233333 -0.0758265 -0.0169880 0.2098538 0.0047313 0.0074712 -0.0146442 0.9998537
7967.300000 -0.0739844 -0.0116258 0.2403808 0.0053231 -0.0040310 -0.0030363 0.9999731
7967.366667 -0.0708283 -0.0125364 0.2697614 0.0029785 -0.0083679 0.0070025 0.9999360
7967.466667 -0.0720134 -0.0195620 0.3160502 -0.0099214 -0.0214765 0.0157824 0.9995955
7967.566667 -0.0791404 -0.0232950 0.3617435 -0.0241194 -0.0291839 0.0153534 0.9991651
7967.633333 -0.0795879 -0.0235896 0.3856886 -0.0224173 -0.0210693 0.0105444 0.9994711
7967.733333 -0.0898000 -0.0099688 0.4310910 -0.0118594 -0.0156805 0.0053641 0.9997923
7967.833333 -0.0929916 -0.0075756 0.4710592 -0.0019219 -0.0106617 0.0028190 0.9999374
7967.933333 -0.1000733 -0.0142545 0.5157710 0.0039618 0.0100330 -0.0032292 0.9999366
7968.033333 -0.1070349 -0.0158484 0.5643836 0.0004822 0.0241621 -0.0055734 0.9996924
7968.133333 -0.1081598 -0.0107567 0.6067937 0.0005106 0.0195695 -0.0009190 0.9998080
7968.233333 -0.1106216 -0.0004118 0.6542681 0.0054885 0.0211543 -0.0003291 0.9997611
7968.333333 -0.1137531 0.0011134 0.7017862 0.0024175 0.0163128 -0.0009101 0.9998636
7968.433333 -0.1194952 -0.0073431 0.7467328 -0.0096262 -0.0061737 0.0005284 0.9999345
7968.566667 -0.1333847 -0.0089932 0.8065851 -0.0204018 -0.0209907 -0.0039561 0.9995636
7968.700000 -0.1408972 0.0024831 0.8492332 -0.0165007 -0.0222468 -0.0098252 0.9995680
7968.833333 -0.1485344 0.0078240 0.9043115 -0.0137492 -0.0070364 -0.0138969 0.9997842
7968.966667 -0.1572948 -0.0025118 0.9626878 -0.0229932 -0.0026037 -0.0161904 0.9996011
7969.100000 -0.1632314 -0.0013994 1.0183039 -0.0159506 0.0080129 -0.0150915 0.9997268
7969.233333 -0.1706792 0.0124491 1.0778458 0.0036234 -0.0049532 -0.0099802 0.9999313
7969.366667 -0.1744612 0.0106902 1.1318784 0.0118429 -0.0351640 -0.0073551 0.9992843
7969.500000 -0.1802799 -0.0003290 1.1862949 0.0015902 -0.0469013 -0.0057415 0.9988818
7969.633333 -0.1902431 0.0075718 1.2397529 -0.0009506 -0.0710687 -0.0100784 0.9974201
7969.733333 -0.1947550 0.0181261 1.2795018 0.0105982 -0.0549379 -0.0104343 0.9983790
7969.833333 -0.1985814 0.0179983 1.3238260 0.0067821 -0.0530313 -0.0047164 0.9985587
7969.966667 -0.1989129 0.0040596 1.3790275 -0.0094829 -0.0388138 -0.0036736 0.9991947
7970.100000 -0.2048052 0.0110559 1.4383558 -0.0117129 -0.0196420 -0.0056292 0.9997226
7970.233333 -0.2076351 0.0240752 1.4933918 0.0017650 -0.0153114 -0.0057293 0.9998648
7970.333333 -0.2118593 0.0245746 1.5374793 0.0055711 -0.0321309 -0.0053629 0.9994538
7970.433333 -0.2169925 0.0165892 1.5772332 0.0003328 -0.0615766 -0.0054198 0.9980876
7970.566667 -0.2246839 0.0161921 1.6309263 -0.0023424 -0.0734218 -0.0075253 0.9972698
7970.666667 -0.2308385 0.0246562 1.6691259 0.0053607 -0.0842883 -0.0090875 0.9963856
7970.766667 -0.2371953 0.0323545 1.7111715 0.0119049 -0.0696988 -0.0102217 0.9974447
7970.866667 -0.2407760 0.0279602 1.7533590 0.0075674 -0.0564451 -0.0075616 0.9983484
7970.966667 -0.2404531 0.0186707 1.7955198 -0.0024731 -0.0333979 -0.0060691 0.9994206
7971.066667 -0.2460196 0.0247105 1.8417476 -0.0109913 -0.0327000 -0.0034053 0.9993989
7971.166667 -0.2462615 0.0332299 1.8839837 -0.0095970 -0.0290742 0.0020760 0.9995290
7971.266667 -0.2498964 0.0398141 1.9287050 -0.0032344 -0.0341549 0.0054003 0.9993967
7971.400000 -0.2557051 0.0320773 1.9845957 -0.0055724 -0.0546035 0.0044923 0.9984825
7971.533333 -0.2664753 0.0292971 2.0391190 -0.0085933 -0.0544817 -0.0018838 0.9984760
7971.666667 -0.2758222 0.0405553 2.0911446 0.0043213 -0.0542474 -0.0084485 0.9984824
7971.800000 -0.2825666 0.0468007 2.1455421 0.0149013 -0.0447459 -0.0072007 0.9988613
7971.966667 -0.2896879 0.0339339 2.2163928 0.0087288 -0.0059429 -0.0062352 0.9999248
7972.100000 -0.2974250 0.0409103 2.2775798 0.0060644 -0.0156960 -0.0045616 0.9998480
7972.233333 -0.3001833 0.0528418 2.3367383 0.0121754 -0.0330054 0.0025681 0.9993777
7972.366667 -0.3052682 0.0484920 2.3979669 0.0057255 -0.0416605 0.0051692 0.9991021
7972.500000 -0.3129756 0.0417234 2.4548378 -0.0112698 -0.0424405 -0.0025271 0.9990323
7972.633333 -0.3214850 0.0541829 2.5138247 -0.0078803 -0.0476625 -0.0097182 0.9987851
7972.733333 -0.3261412 0.0623380 2.5591359 -0.0013655 -0.0658072 -0.0046858 0.9978204
7972.833333 -0.3316363 0.0590212 2.5953386 0.0032298 -0.0264132 -0.0021968 0.9996434
7972.933333 -0.3300337 0.0526698 2.6427312 -0.0031348 0.0001999 -0.0046517 0.9999843
7973.033333 -0.3332863 0.0538826 2.6899629 -0.0118164 -0.0036429 -0.0046742 0.9999126
7973.166667 -0.3370361 0.0672855 2.7477973 -0.0027577 -0.0052960 -0.0006279 0.9999820
7973.300000 -0.3444452 0.0689008 2.8071349 0.0067715 -0.0180046 0.0038816 0.9998074
7973.433333 -0.3505236 0.0563761 2.8598530 -0.0027305 -0.0343533 0.0038508 0.9993986
7973.600000 -0.3657631 0.0645071 2.9283259 -0.0018117 -0.0362223 -0.0075711 0.9993134
7973.733333 -0.3736515 0.0747885 2.9829292 0.0058843 -0.0430559 -0.0071227 0.9990299
7973.866667 -0.3738427 0.0634085 3.0335116 0.0006204 -0.0169397 -0.0067587 0.9998335
7974.000000 -0.3819397 0.0607222 3.0919368 -0.0027995 0.0073822 -0.0083181 0.9999343
7974.300000 -0.4014169 0.0817990 3.2168403 0.0180348 -0.0175605 -0.0016073 0.9996818
7974.433333 -0.4017091 0.0696766 3.2662868 0.0070498 -0.0392039 0.0045505 0.9991960
7974.600000 -0.4083613 0.0721409 3.3273644 -0.0003630 -0.0389893 0.0016024 0.9992383
7974.900000 -0.4195180 0.0773837 3.4385812 0.0085735 0.0097475 -0.0081216 0.9998828
7975.033333 -0.4256829 0.0780533 3.4935217 0.0015828 0.0192154 -0.0091765 0.9997720
7975.200000 -0.4323064 0.0931454 3.5571303 0.0102050 0.0089421 -0.0053140 0.9998938
7975.833333 -0.4572101 0.0947426 3.7667296 0.0134651 -0.0289000 -0.0093431 0.9994479
7976.000000 -0.4662883 0.0906658 3.8272028 0.0160564 0.0095938 -0.0171587 0.9996778
7976.166667 -0.4719473 0.1000543 3.8880882 0.0085623 0.0025780 -0.0129626 0.9998760
7976.333333 -0.4738593 0.1109767 3.9481773 0.0090886 -0.0204538 -0.0046190 0.9997388
7976.533333 -0.4770620 0.1029789 4.0147142 -0.0049268 -0.0496580 0.0023487 0.9987513
7976.700000 -0.4853830 0.1079579 4.0660849 -0.0075434 -0.0539037 -0.0037522 0.9985106
7976.866667 -0.4897619 0.1211312 4.1173124 0.0088092 -0.0391668 -0.0070779 0.9991688
7977.033333 -0.4822640 0.1119851 4.1627512 0.0114798 0.0090684 -0.0100723 0.9998422
7977.200000 -0.4871519 0.1176097 4.2225080 -0.0057148 -0.0008175 -0.0088613 0.9999441
7977.566667 -0.4758786 0.1265656 4.3292117 -0.0038544 -0.0431102 0.0046405 0.9990521
7977.966667 -0.4737513 0.1372296 4.4253907 0.0100495 -0.0209762 -0.0079315 0.9996980
7978.166667 -0.4665583 0.1313183 4.4656181 0.0163124 0.0280753 -0.0151966 0.9993572
7978.700000 -0.4580387 0.1363302 4.5707688 0.0121851 -0.0171153 -0.0064398 0.9997585
7986.366667 -0.4569021 0.1455547 4.6546021 -0.0157337 -0.0083081 0.0052229 0.9998280
7986.700000 -0.4639824 0.1514292 4.6877303 -0.0151553 0.0274206 0.0144353 0.9994048
7987.066667 -0.4666947 0.1607689 4.7474957 -0.0248099 0.0369210 0.0192233 0.9988252
7987.233333 -0.4658443 0.1625386 4.7863636 -0.0277379 0.0504121 0.0248719 0.9980333
7987.400000 -0.4706196 0.1630504 4.8248491 -0.0297908 0.0328971 0.0273306 0.9986407
7987.600000 -0.4841193 0.1664838 4.8723111 -0.0244414 0.0205866 0.0213491 0.9992613
7989.400000 -0.5489619 0.1436943 5.3478179 -0.0140673 0.0447140 -0.0047115 0.9988897
7990.066667 -0.5766125 0.1488626 5.5951223 -0.0017552 0.0452609 -0.0050508 0.9989609
7990.266667 -0.5928097 0.1397406 5.6695848 0.0019022 0.0028201 0.0001327 0.9999942
7990.566667 -0.5985512 0.1376389 5.7865696 0.0083943 -0.0172744 -0.0005142 0.9998154
7991.000000 -0.6067148 0.1341370 5.9727063 -0.0073329 -0.0381835 0.0047624 0.9992325
7991.400000 -0.6051662 0.1259081 6.1358919 0.0140553 -0.0214396 -0.0109112 0.9996118
7992.033333 -0.6155729 0.1599061 6.4438195 -0.0079267 -0.0451927 -0.0079164 0.9989155
7992.433333 -0.6183511 0.1548290 6.6196570 -0.0064676 -0.0207724 0.0003605 0.9997633
7992.666667 -0.6168833 0.1672957 6.7214479 0.0028503 -0.0346964 0.0058922 0.9993765
7993.300000 -0.6469614 0.1794520 7.0033026 -0.0188987 -0.0317803 -0.0149736 0.9992040
7993.500000 -0.6584143 0.1944551 7.0900531 -0.0067592 -0.0445749 -0.0096856 0.9989362
7993.700000 -0.6603439 0.2005104 7.1817236 -0.0016839 -0.0517691 -0.0009045 0.9986572
7993.866667 -0.6773816 0.1969084 7.2571921 -0.0200725 -0.0628222 -0.0080295 0.9977906
7994.066667 -0.6894293 0.2180999 7.3423104 -0.0134571 -0.0715268 -0.0108203 0.9972892
7994.266667 -0.6964933 0.2158815 7.4348154 -0.0217624 -0.0288700 -0.0152693 0.9992296
7994.466667 -0.7096197 0.2319575 7.5237226 -0.0216890 -0.0447778 -0.0081172 0.9987285
7994.666667 -0.7191428 0.2443772 7.6137319 -0.0198361 -0.0762334 0.0058005 0.9968758
7995.033333 -0.7502521 0.2591119 7.7594309 -0.0076531 -0.0606637 -0.0032043 0.9981238
7995.400000 -0.7753547 0.2669643 7.9193845 -0.0219205 -0.0402679 -0.0015992 0.9989471
7995.566667 -0.7841609 0.2754990 7.9969540 -0.0210453 -0.0536882 0.0058038 0.9983191
7995.733333 -0.7965844 0.2683856 8.0694065 -0.0338374 -0.0560425 0.0052445 0.9978411
7995.900000 -0.8092001 0.2767750 8.1424875 -0.0189053 -0.0643691 0.0015537 0.9977459
7996.066667 -0.8203825 0.2658381 8.2130966 -0.0188940 -0.0517476 -0.0078635 0.9984505
7996.733333 -0.8460175 0.2562873 8.5100594 -0.0252156 -0.0284398 0.0026779 0.9992738
7997.066667 -0.8619673 0.2608679 8.6470013 0.0008478 -0.0321994 -0.0125200 0.9994027
7997.233333 -0.8635699 0.2551569 8.7201557 -0.0155134 -0.0394159 0.0008500 0.9991021
7997.400000 -0.8669091 0.2675909 8.7971420 -0.0011028 -0.0290894 0.0043010 0.9995670
7997.566667 -0.8705364 0.2584578 8.8670855 0.0051537 -0.0469411 0.0072864 0.9988578
7997.900000 -0.8851178 0.2734155 9.0077877 0.0209567 -0.0387176 0.0018203 0.9990287
7998.800000 -0.9287581 0.2865768 9.4056835 0.0108750 -0.0549838 0.0014859 0.9984269
7999.500000 -0.9528430 0.2996958 9.7199879 -0.0105503 -0.0218100 0.0161219 0.9995764
7999.666667 -0.9623816 0.2949914 9.7884130 -0.0113184 -0.0209456 0.0084426 0.9996809
7999.966667 -0.9732857 0.3067798 9.9107761 0.0130848 0.0023964 0.0001324 0.9999115
8000.300000 -0.9879093 0.3220075 10.0710649 0.0051593 0.0089780 0.0026033 0.9999430
8000.966667 -1.0124694 0.3253138 10.3634481 -0.0010941 -0.0378319 -0.0071432 0.9992580
8001.133333 -1.0137289 0.3249011 10.4358807 -0.0050616 -0.0249319 -0.0061007 0.9996578
8001.300000 -1.0224785 0.3414448 10.5150175 0.0171466 -0.0288917 -0.0072176 0.9994094
8001.500000 -1.0274490 0.3307202 10.6029615 0.0077363 -0.0538784 0.0007179 0.9985173
8001.800000 -1.0426280 0.3500488 10.7328644 0.0070849 -0.0707541 -0.0023866 0.9974658
8001.933333 -1.0467820 0.3431877 10.7970428 -0.0038589 -0.0556006 -0.0009402 0.9984452
8002.100000 -1.0492945 0.3439546 10.8593044 -0.0103784 -0.0450176 -0.0006063 0.9989321
8002.733333 -1.0759475 0.3713833 11.1441851 -0.0039389 -0.0630852 -0.0124415 0.9979228
8002.866667 -1.0823002 0.3693866 11.2059984 -0.0039837 -0.0558801 -0.0151220 0.9983150
8003.100000 -1.0839378 0.3681763 11.3106937 -0.0096532 -0.0495267 -0.0030010 0.9987217
8003.366667 -1.0940273 0.3788435 11.4348640 0.0043802 -0.0644862 -0.0020392 0.9979069
8003.700000 -1.1106268 0.3883075 11.5799532 0.0017412 -0.0894087 -0.0052449 0.9959797
8003.833333 -1.1193507 0.3877439 11.6447668 -0.0019291 -0.0714786 -0.0123170 0.9973642
8003.966667 -1.1204027 0.3802748 11.7080975 -0.0148361 -0.0538031 -0.0081694 0.9984079
8004.166667 -1.1220585 0.3977823 11.7977171 0.0015370 -0.0372869 -0.0014819 0.9993023
8004.366667 -1.1225822 0.3882079 11.8815165 -0.0014721 -0.0706735 0.0117706 0.9974290
8004.500000 -1.1309394 0.3923783 11.9447012 0.0000979 -0.0614431 0.0137148 0.9980164
8004.700000 -1.1428792 0.4091153 12.0308170 0.0197844 -0.0626711 0.0040419 0.9978299
8004.800000 -1.1460439 0.4042754 12.0723000 0.0171180 -0.0559580 -0.0062430 0.9982669
8004.900000 -1.1532737 0.4037972 12.1243649 0.0057719 -0.0468520 -0.0124963 0.9988070
8005.033333 -1.1569870 0.4083652 12.1846886 -0.0024508 -0.0647992 -0.0053455 0.9978810
8005.666667 -1.1779599 0.4328528 12.4698534 0.0004799 -0.0560182 0.0050156 0.9984170
8005.766667 -1.1820583 0.4289994 12.5167351 -0.0055116 -0.0645551 0.0035626 0.9978926
8005.866667 -1.1826023 0.4222043 12.5615911 -0.0151957 -0.0523287 0.0005036 0.9985142
8006.066667 -1.1877205 0.4322573 12.6511745 -0.0040496 -0.0656723 0.0023492 0.9978303
8006.266667 -1.1866328 0.4259393 12.7386580 -0.0045993 -0.0440536 -0.0050703 0.9990057
8006.366667 -1.1957434 0.4244885 12.7870722 -0.0149487 -0.0375304 -0.0077911 0.9991533
8006.466667 -1.2021587 0.4313248 12.8295555 -0.0143752 -0.0473670 -0.0078460 0.9987433
8006.600000 -1.2091393 0.4430618 12.8884850 -0.0044014 -0.0331370 -0.0031827 0.9994361
8006.733333 -1.2143886 0.4348766 12.9460993 -0.0030613 -0.0178944 -0.0019277 0.9998333
8006.900000 -1.2180297 0.4313987 13.0155439 0.0044793 -0.0018544 0.0059364 0.9999706
8007.033333 -1.2207835 0.4444184 13.0743656 0.0165154 0.0190449 0.0108694 0.9996231
8007.833333 -1.2671295 0.4479492 13.4467735 -0.0234696 0.0243915 -0.0045869 0.9994164
8008.100000 -1.2748390 0.4617050 13.5720139 -0.0213733 0.0156721 0.0064428 0.9996279
8008.366667 -1.2931648 0.4563872 13.6846800 -0.0202645 0.0064841 -0.0116745 0.9997055
8008.633333 -1.3045881 0.4616511 13.7924643 0.0063096 0.0264950 -0.0173094 0.9994792
8008.766667 -1.3093294 0.4594084 13.8611135 -0.0037912 0.0438234 -0.0187375 0.9988564
8009.033333 -1.3137537 0.4732024 13.9791174 0.0014519 -0.0002322 -0.0005041 0.9999988
8009.166667 -1.3188224 0.4601724 14.0380650 -0.0080616 -0.0118006 -0.0003370 0.9998978
8009.433333 -1.3378332 0.4731722 14.1531820 -0.0109212 -0.0479518 -0.0053342 0.9987757
8009.566667 -1.3435588 0.4756280 14.2153902 -0.0036088 -0.0171695 -0.0084563 0.9998103
8009.866667 -1.3547436 0.4753540 14.3481722 -0.0071244 -0.0004616 -0.0087172 0.9999365
8010.500000 -1.3878083 0.4904818 14.6200495 0.0163562 -0.0461915 -0.0056200 0.9987829
8010.800000 -1.3999708 0.4929808 14.7651300 -0.0049215 -0.0040642 0.0030460 0.9999750
8011.066667 -1.4160897 0.5028104 14.8856764 0.0141786 -0.0286217 0.0014731 0.9994887
8011.200000 -1.4230382 0.4953134 14.9413185 0.0010947 -0.0244833 -0.0054542 0.9996848
8011.466667 -1.4372090 0.5088195 15.0542402 0.0137802 -0.0525561 -0.0019543 0.9985210
8012.000000 -1.4516214 0.5160145 15.3003635 0.0135590 -0.0185684 -0.0034217 0.9997298
8012.133333 -1.4543138 0.5053993 15.3576536 -0.0006326 -0.0304943 -0.0043873 0.9995251
8012.266667 -1.4678921 0.5151940 15.4174662 0.0039847 -0.0435285 -0.0105566 0.9989884
8012.800000 -1.4693276 0.5239308 15.6527557 0.0092075 0.0038694 0.0122814 0.9998747
8012.933333 -1.4732860 0.5314109 15.7195635 0.0147317 -0.0058089 0.0083295 0.9998399
8013.333333 -1.4917339 0.5414175 15.8956375 -0.0001774 -0.0419885 -0.0001076 0.9991181
8013.766667 -1.5018837 0.5503277 16.1035099 -0.0155555 0.0087336 0.0024190 0.9998379
8014.133333 -1.5162102 0.5414830 16.2647114 -0.0349755 -0.0358050 -0.0004568 0.9987465
8014.366667 -1.5315599 0.5580094 16.3586731 -0.0075509 -0.0289146 -0.0115442 0.9994867
8014.466667 -1.5359559 0.5511844 16.4031601 -0.0118952 -0.0186214 -0.0129747 0.9996716
8014.666667 -1.5384822 0.5539526 16.4902782 -0.0091566 0.0188821 -0.0010112 0.9997793
8014.766667 -1.5414234 0.5630496 16.5342350 0.0014897 0.0130906 0.0090520 0.9998722
8015.066667 -1.5550635 0.5543315 16.6638050 -0.0045118 -0.0177301 0.0151291 0.9997182
8015.266667 -1.5694472 0.5720462 16.7480927 0.0053044 -0.0181769 0.0081699 0.9997873
8015.366667 -1.5755060 0.5730168 16.7915916 0.0089684 -0.0101624 0.0045396 0.9998978
8015.466667 -1.5810198 0.5705640 16.8386669 0.0069584 -0.0019680 0.0029870 0.9999694
8015.600000 -1.5834435 0.5665126 16.8979530 -0.0020999 -0.0058803 0.0141663 0.9998801
8015.966667 -1.6016439 0.5727195 17.0652256 -0.0131433 -0.0341982 0.0219309 0.9990880
8016.233333 -1.6220076 0.5914288 17.1792221 -0.0103509 -0.0447836 0.0051377 0.9989299
8016.366667 -1.6266055 0.5907746 17.2353802 0.0047045 -0.0185036 0.0017978 0.9998161
8016.633333 -1.6311957 0.5973586 17.3588886 -0.0042929 0.0267574 0.0058597 0.9996156
8016.900000 -1.6432112 0.6022297 17.4830532 -0.0126742 -0.0188547 0.0184025 0.9995725
8017.066667 -1.6587379 0.6019981 17.5560036 -0.0258040 -0.0275235 0.0147973 0.9991785
8017.333333 -1.6760116 0.6095673 17.6619339 0.0030026 -0.0459159 0.0117252 0.9988720
8017.866667 -1.6879888 0.6193584 17.8967476 0.0064336 -0.0376559 0.0420291 0.9983858
8018.233333 -1.7110289 0.6327477 18.0542336 -0.0087532 0.0005270 0.0126611 0.9998814
8018.466667 -1.7184272 0.6221759 18.1581078 -0.0286371 0.0217812 0.0055444 0.9993371
8018.766667 -1.7264339 0.6388611 18.2842789 0.0027203 0.0168241 0.0044964 0.9998447
8018.866667 -1.7288232 0.6314279 18.3235664 0.0049312 0.0030145 0.0035703 0.9999769
8019.066667 -1.7422545 0.6393503 18.4054508 0.0034761 -0.0501992 -0.0038171 0.9987259
8019.166667 -1.7476598 0.6485401 18.4491653 0.0080072 -0.0457671 -0.0051159 0.9989070
8019.266667 -1.7516236 0.6453674 18.4933643 0.0032353 -0.0549690 -0.0039416 0.9984750
8019.400000 -1.7523805 0.6365818 18.5493183 -0.0117893 -0.0400414 -0.0057332 0.9991120
8019.500000 -1.7578765 0.6462923 18.5972919 -0.0159908 -0.0516460 -0.0018097 0.9985358
8019.700000 -1.7568072 0.6603933 18.6814728 -0.0084941 -0.0704217 0.0143297 0.9973782
8019.800000 -1.7600516 0.6551282 18.7246361 -0.0082070 -0.0832455 0.0173328 0.9963445
8019.933333 -1.7670646 0.6502783 18.7813244 -0.0160716 -0.0956694 0.0176223 0.9951274
8020.166667 -1.7811882 0.6704706 18.8788109 -0.0153911 -0.1363434 0.0293563 0.9901069
8020.366667 -1.7830621 0.6584201 18.9685040 -0.0385892 -0.0858414 0.0279599 0.9951685
8020.500000 -1.7884867 0.6646718 19.0270729 -0.0368913 -0.0500225 0.0205525 0.9978549
8020.600000 -1.7943330 0.6780404 19.0720329 -0.0243196 -0.0372450 0.0179616 0.9988487
8020.700000 -1.7963599 0.6808076 19.1162224 -0.0193338 -0.0533311 0.0181558 0.9982246
8020.800000 -1.7989370 0.6745936 19.1594524 -0.0232068 -0.0762620 0.0180029 0.9966551
8021.133333 -1.8190402 0.6944600 19.3062038 -0.0224095 -0.0961433 0.0161059 0.9949849
8021.333333 -1.8234890 0.6862838 19.3929882 -0.0314835 -0.0787539 0.0126822 0.9963161
8021.566667 -1.8270063 0.6959631 19.4892273 -0.0162547 -0.0622503 0.0117886 0.9978586
8021.833333 -1.8326867 0.6915118 19.6053448 -0.0090918 -0.0786039 0.0137289 0.9967699
8021.933333 -1.8441997 0.6982409 19.6559105 -0.0155224 -0.0716091 0.0122854 0.9972363
8022.133333 -1.8494799 0.7164295 19.7433472 -0.0172407 -0.0826047 0.0170162 0.9962879
8022.366667 -1.8550770 0.7030018 19.8485661 -0.0360006 -0.0649375 0.0243869 0.9969415
8022.466667 -1.8582453 0.7084370 19.8912106 -0.0331100 -0.0509521 0.0222497 0.9979041
8022.566667 -1.8615557 0.7197060 19.9342251 -0.0245782 -0.0461181 0.0203443 0.9984263
8022.933333 -1.8787606 0.7168427 20.0933914 -0.0283306 -0.0786376 0.0187274 0.9963247
8023.066667 -1.8823380 0.7289176 20.1477203 -0.0238800 -0.0813357 0.0189517 0.9962204
8023.266667 -1.8839884 0.7235506 20.2367935 -0.0328515 -0.0433474 0.0160068 0.9983915
8023.366667 -1.8890743 0.7248360 20.2863541 -0.0412213 -0.0195298 0.0122640 0.9988838
8023.566667 -1.8980469 0.7445740 20.3793640 -0.0273770 -0.0331556 0.0165348 0.9989383
8023.833333 -1.9044328 0.7330577 20.4861202 -0.0309722 -0.0381858 -0.0004383 0.9987904
8024.000000 -1.9134911 0.7502719 20.5536175 -0.0254064 -0.0562895 -0.0102975 0.9980381
8024.266667 -1.9165199 0.7444528 20.6642666 -0.0192945 -0.0360458 -0.0080993 0.9991310
8024.400000 -1.9170156 0.7502684 20.7234077 -0.0156875 -0.0199986 -0.0001759 0.9996769
8024.766667 -1.9199572 0.7537622 20.8841457 -0.0181201 -0.0420510 0.0193910 0.9987629
8024.900000 -1.9312143 0.7614406 20.9401989 -0.0210909 -0.0485463 0.0101638 0.9985465
8025.066667 -1.9381322 0.7752383 21.0080738 -0.0069365 -0.0425137 0.0062303 0.9990524
8025.200000 -1.9402241 0.7671706 21.0671177 -0.0196028 -0.0217960 0.0071557 0.9995446
8025.466667 -1.9463352 0.7795212 21.1830215 -0.0167775 0.0023772 0.0090125 0.9998158
8025.633333 -1.9523953 0.7810839 21.2555885 -0.0097771 -0.0309436 0.0068725 0.9994497
8025.766667 -1.9587531 0.7735273 21.3122749 -0.0140628 -0.0309083 -0.0015359 0.9994221
8025.900000 -1.9691619 0.7837333 21.3703537 -0.0220488 -0.0478258 -0.0037014 0.9986054
8026.066667 -1.9723049 0.7924333 21.4346485 -0.0135889 -0.0341282 0.0009693 0.9993246
8026.200000 -1.9731113 0.7829132 21.4925480 -0.0226842 -0.0169660 0.0133481 0.9995096
8026.366667 -1.9758077 0.7887469 21.5665359 -0.0257640 0.0021781 0.0264840 0.9993148
8026.500000 -1.9798410 0.8028265 21.6240406 -0.0118027 -0.0020320 0.0316078 0.9994286
8026.800000 -2.0056114 0.7912358 21.7481632 -0.0095151 -0.0676365 0.0221344 0.9974191
8026.933333 -2.0177128 0.8035996 21.8013420 -0.0042770 -0.0827123 0.0132940 0.9964756
8027.066667 -2.0207019 0.8097061 21.8537731 0.0082347 -0.0551092 0.0081106 0.9984134
8027.266667 -2.0295992 0.8014426 21.9394360 -0.0037681 -0.0238444 0.0111730 0.9996461
8027.433333 -2.0406635 0.8141744 22.0074539 0.0084588 -0.0106566 0.0072309 0.9998813
8027.600000 -2.0555706 0.8190798 22.0795097 0.0118469 -0.0511167 0.0060661 0.9986040
8027.766667 -2.0684135 0.8109916 22.1490383 -0.0017985 -0.0856166 0.0065810 0.9963048
8028.766667 -2.2087891 0.8442574 22.5405369 -0.0192559 -0.3084279 0.0207026 0.9508274
8028.966667 -2.2303350 0.8324880 22.5722122 -0.0016794 -0.3537661 0.0162776 0.9351907
8029.166667 -2.2898884 0.8535388 22.6453819 0.0159072 -0.3722534 0.0036774 0.9279875
8030.233333 -2.6037781 0.8634209 22.8632431 -0.0059952 -0.5942775 0.0087822 0.8041898
8030.433333 -2.6922579 0.8748828 22.8996468 -0.0125777 -0.6044494 0.0066853 0.7965162
8030.600000 -2.7658861 0.8964204 22.9170704 -0.0029768 -0.6305062 0.0214405 0.7758824
8030.733333 -2.8213003 0.9018433 22.9357471 -0.0017709 -0.6505851 0.0346029 0.7586426
8031.166667 -2.9402685 0.8897867 22.9341106 -0.0004276 -0.6929354 0.0351168 0.7201439
8031.466667 -3.0832465 0.8862319 22.9475040 -0.0031854 -0.6865055 0.0384536 0.7261001
8031.600000 -3.1233108 0.8908128 22.9491978 -0.0011232 -0.6877893 0.0499322 0.7241901
8032.100000 -3.3389659 0.8772050 22.9504681 -0.0030618 -0.6948335 0.0361369 0.7182556
8032.433333 -3.4848144 0.8604669 22.9470215 -0.0094523 -0.6948571 0.0265320 0.7185960
8032.600000 -3.5485320 0.8624808 22.9440365 -0.0003775 -0.7111928 0.0286529 0.7024127
8032.733333 -3.6157665 0.8581110 22.9441662 -0.0025899 -0.7212409 0.0257913 0.6921991
8032.866667 -3.6680830 0.8483427 22.9419346 -0.0054120 -0.7271289 0.0216850 0.6861371
8033.000000 -3.7193000 0.8568887 22.9337540 -0.0000777 -0.7441989 0.0232422 0.6675536
8033.133333 -3.7641160 0.8598532 22.9348106 0.0007608 -0.7411411 0.0292173 0.6707128
8033.366667 -3.8688500 0.8437433 22.9329815 -0.0191515 -0.7249634 0.0208748 0.6882046
8033.500000 -3.9268310 0.8529260 22.9289112 -0.0184449 -0.7206534 0.0284586 0.6924656
8033.633333 -3.9812779 0.8537072 22.9302902 -0.0122365 -0.7217085 0.0348611 0.6912104
8033.766667 -4.0391331 0.8436183 22.9274006 -0.0155183 -0.7345299 0.0308003 0.6776993
8033.900000 -4.0926971 0.8399027 22.9184074 -0.0147525 -0.7470670 0.0204212 0.6642712
8034.033333 -4.1462116 0.8487811 22.9134750 -0.0028002 -0.7470449 0.0320024 0.6639970
8034.166667 -4.1968765 0.8459007 22.9169254 -0.0034316 -0.7354362 0.0360059 0.6766280
8034.300000 -4.2597451 0.8386146 22.9176674 -0.0126895 -0.7251459 0.0279481 0.6879108
8034.433333 -4.3180423 0.8404095 22.9144058 -0.0239807 -0.7253103 0.0190164 0.6877415
8034.566667 -4.3808966 0.8545498 22.9100037 -0.0196663 -0.7173576 0.0210934 0.6961080
8034.700000 -4.4430799 0.8543394 22.9080448 -0.0206481 -0.7230849 0.0235193 0.6900498
8034.833333 -4.4928370 0.8438199 22.9067879 -0.0309013 -0.7320179 0.0182723 0.6803389
8035.000000 -4.5587678 0.8532551 22.8948078 -0.0194241 -0.7418622 0.0160520 0.6700788
8035.133333 -4.6141105 0.8581269 22.8885040 -0.0142076 -0.7469456 0.0220620 0.6643671
8035.300000 -4.6860223 0.8489020 22.8831291 -0.0159867 -0.7325595 0.0156668 0.6803349
8035.666667 -4.8308120 0.8707201 22.8589859 -0.0084520 -0.7728080 0.0314939 0.6338017
8035.833333 -4.8979206 0.8586665 22.8454742 -0.0116644 -0.7988001 0.0232847 0.6010326
8036.000000 -4.9589372 0.8663077 22.8290710 -0.0041681 -0.8172382 0.0170797 0.5760317
8036.166667 -5.0225277 0.8789802 22.8101711 0.0166625 -0.8158357 0.0324858 0.5771301
8036.333333 -5.0865426 0.8669760 22.7975655 0.0102552 -0.8051150 0.0345974 0.5920200
8036.533333 -5.1629872 0.8784460 22.7659645 0.0087141 -0.8296013 0.0422087 0.5566903
8036.700000 -5.2278314 0.8827000 22.7426968 0.0162074 -0.8489621 0.0570594 0.5251141
8036.866667 -5.2917547 0.8752888 22.7091904 -0.0041258 0.8780922 -0.0475029 -0.4761099
8037.033333 -5.3518534 0.8873458 22.6732922 0.0014973 0.9027925 -0.0441411 -0.4278025
8037.233333 -5.4208012 0.8759835 22.6343174 0.0038162 0.9164215 -0.0368524 -0.3984958
8037.433333 -5.4910460 0.8724664 22.5837269 0.0098352 0.9290173 -0.0244436 -0.3690971
8037.666667 -5.5651798 0.8788401 22.5215111 -0.0048049 0.9529199 -0.0239006 -0.3022406
8037.833333 -5.6061702 0.8646388 22.4744720 -0.0073295 0.9738531 -0.0117192 -0.2267578
8038.000000 -5.6420536 0.8683487 22.4282284 -0.0049991 0.9870905 -0.0080645 -0.1598822
8038.200000 -5.6825285 0.8628417 22.3624840 -0.0109828 0.9891795 -0.0095178 -0.1459886
8038.400000 -5.7218194 0.8508124 22.2965946 -0.0038803 0.9915566 -0.0028872 -0.1295845
8038.533333 -5.7475023 0.8546712 22.2564087 0.0023295 0.9938574 -0.0213484 -0.1085646
8038.666667 -5.7713690 0.8519620 22.2102795 0.0038369 0.9952062 -0.0334699 -0.0918134
8038.800000 -5.7854180 0.8375206 22.1656532 0.0047864 0.9983228 -0.0342849 -0.0464016
8038.933333 -5.7916231 0.8372624 22.1161537 -0.0001596 0.9992279 -0.0365824 -0.0143265
8039.066667 -5.8019671 0.8425367 22.0699196 -0.0057620 0.9987556 -0.0493885 -0.0038574
8039.266667 -5.8176041 0.8195996 21.9951115 -0.0082194 0.9992529 -0.0375240 0.0042580
8039.400000 -5.8230567 0.8204951 21.9399834 -0.0076540 0.9992541 -0.0374896 -0.0052124
8039.533333 -5.8286595 0.8285347 21.8854618 -0.0065747 0.9989723 -0.0446318 0.0043709
8039.633333 -5.8352284 0.8234851 21.8488579 -0.0058626 0.9984154 -0.0481340 0.0285566
8039.766667 -5.8373418 0.8100862 21.8005848 -0.0105248 0.9976395 -0.0519062 0.0437071
8039.866667 -5.8339548 0.8059261 21.7642479 -0.0126161 0.9969365 -0.0554038 0.0537482
8040.000000 -5.8309970 0.8088642 21.7171650 -0.0155120 0.9942000 -0.0596511 0.0881335
8040.100000 -5.8269577 0.8115733 21.6782970 -0.0163828 0.9944230 -0.0619487 0.0837666
8040.200000 -5.8206687 0.8050090 21.6379719 -0.0180050 0.9950418 -0.0603329 0.0769904
8040.300000 -5.8196907 0.7934173 21.6010723 -0.0220798 0.9954169 -0.0543286 0.0755385
8040.400000 -5.8152137 0.7940984 21.5588226 -0.0216385 0.9961694 -0.0476047 0.0700859
8040.500000 -5.8101420 0.8019747 21.5173473 -0.0151152 0.9958575 -0.0491247 0.0750075
8040.600000 -5.8099117 0.8025366 21.4793262 -0.0070100 0.9948248 -0.0583748 0.0828666
8040.700000 -5.8058538 0.7952983 21.4389458 -0.0011736 0.9943421 -0.0601966 0.0875144
8040.800000 -5.8009038 0.7840951 21.4039955 -0.0017133 0.9938418 -0.0581023 0.0943382
8040.900000 -5.7912908 0.7815200 21.3678150 -0.0092923 0.9935101 -0.0558443 0.0986552
8041.033333 -5.7794504 0.7905893 21.3172836 -0.0129306 0.9923043 -0.0615942 0.1066354
8041.133333 -5.7729197 0.7915344 21.2784176 -0.0088492 0.9922797 -0.0614185 0.1073799
8041.233333 -5.7658691 0.7833553 21.2384281 -0.0077790 0.9941772 -0.0586504 0.0900635
8041.333333 -5.7614613 0.7737988 21.1985893 -0.0109618 0.9959443 -0.0538192 0.0712615
8041.466667 -5.7509599 0.7778330 21.1426201 -0.0123015 0.9961790 -0.0524680 0.0687245
8041.566667 -5.7446227 0.7853947 21.1013813 -0.0123243 0.9953904 -0.0604936 0.0733930
8041.666667 -5.7395282 0.7794390 21.0618839 -0.0152361 0.9951493 -0.0650489 0.0722113
8041.766667 -5.7308879 0.7688764 21.0228786 -0.0215114 0.9942133 -0.0626777 0.0845500
8041.900000 -5.7174988 0.7648945 20.9693050 -0.0274139 0.9937847 -0.0586511 0.0905567
8042.033333 -5.7064667 0.7722231 20.9169064 -0.0240263 0.9931841 -0.0623425 0.0955062
8042.133333 -5.7002406 0.7731493 20.8790531 -0.0150700 0.9944115 -0.0698524 0.0777129
8042.200000 -5.6965547 0.7682554 20.8481007 -0.0094418 0.9957505 -0.0686694 0.0606323
8042.300000 -5.6953254 0.7547252 20.8101654 -0.0038716 0.9971378 -0.0648812 0.0386229
8042.400000 -5.6898556 0.7545693 20.7684097 -0.0012151 0.9973472 -0.0667488 0.0290128
8042.533333 -5.6822581 0.7643940 20.7140083 0.0000869 0.9960150 -0.0826675 0.0334707
8042.700000 -5.6815605 0.7558960 20.6494389 -0.0006481 0.9941748 -0.0990167 0.0425642
8042.900000 -5.6777496 0.7457207 20.5696068 -0.0020516 0.9953466 -0.0899344 0.0345362
8043.100000 -5.6754746 0.7532153 20.4827137 0.0025378 0.9968708 -0.0732777 0.0295401
8043.300000 -5.6756873 0.7367905 20.3931236 0.0021117 0.9984810 -0.0548723 -0.0045029
8043.466667 -5.6750369 0.7434502 20.3194275 0.0076908 0.9978719 -0.0627966 -0.0157791
8043.766667 -5.6779652 0.7295219 20.1891651 0.0007096 0.9985969 -0.0522173 0.0087814
8043.866667 -5.6739717 0.7271003 20.1446609 -0.0064120 0.9989597 -0.0421097 0.0162824
8044.033333 -5.6696062 0.7374083 20.0722942 -0.0118283 0.9984071 -0.0515751 0.0195795
8044.300000 -5.6699800 0.7178971 19.9564381 -0.0077308 0.9992763 -0.0370383 0.0038931
8044.433333 -5.6705475 0.7220567 19.8976555 -0.0044421 0.9993523 -0.0356622 -0.0018708
8044.533333 -5.6676707 0.7262468 19.8521194 -0.0058076 0.9991515 -0.0407369 0.0017728
8044.633333 -5.6648641 0.7208992 19.8072357 -0.0057716 0.9988848 -0.0441373 0.0157398
8044.733333 -5.6639485 0.7086722 19.7674389 -0.0064794 0.9985902 -0.0440591 0.0288865
8044.833333 -5.6596532 0.7055559 19.7259693 -0.0093148 0.9984193 -0.0432600 0.0346511
8044.966667 -5.6553860 0.7129104 19.6713924 -0.0121758 0.9981282 -0.0495605 0.0336975
8045.066667 -5.6532025 0.7164074 19.6271915 -0.0104135 0.9983488 -0.0535992 0.0178446
8045.266667 -5.6478996 0.6995885 19.5361366 -0.0050233 0.9992995 -0.0369398 0.0032864
8045.366667 -5.6486073 0.7031696 19.4897366 -0.0004322 0.9994872 -0.0316807 -0.0046303
8045.466667 -5.6486139 0.7094075 19.4446335 0.0041071 0.9993449 -0.0349238 -0.0085579
8045.700000 -5.6434560 0.6922067 19.3422852 -0.0037316 0.9994521 -0.0324044 0.0056265
8046.066667 -5.6292758 0.6960107 19.1837063 0.0031926 0.9990677 -0.0406312 0.0142343
8046.333333 -5.6260076 0.6818786 19.0678539 0.0089526 0.9993090 -0.0315415 -0.0175065
8046.600000 -5.6212201 0.6820359 18.9469166 0.0220594 0.9989481 -0.0399567 0.0044256
8046.766667 -5.6141858 0.6714705 18.8744602 0.0208201 0.9991670 -0.0225870 0.0268619
8046.900000 -5.6093187 0.6766999 18.8222466 0.0179825 0.9984483 -0.0243574 0.0467369
8047.200000 -5.6015348 0.6620352 18.6925125 0.0180790 0.9995320 -0.0183522 0.0164939
8047.333333 -5.5950823 0.6636029 18.6350784 0.0204480 0.9995666 -0.0209609 -0.0030133
8047.466667 -5.5900168 0.6687974 18.5780678 0.0180299 0.9992630 -0.0325530 0.0094178
8047.966667 -5.5697017 0.6568460 18.3790607 0.0007220 0.9988073 -0.0482517 0.0074400
8048.133333 -5.5650759 0.6443760 18.3045006 0.0037846 0.9986876 -0.0482033 -0.0168889
8048.300000 -5.5610480 0.6398536 18.2312374 0.0082997 0.9989141 -0.0356800 -0.0287869
8048.466667 -5.5538383 0.6491227 18.1572285 0.0080760 0.9982954 -0.0496783 -0.0295502
8048.833333 -5.5346475 0.6322357 17.9999866 0.0018698 0.9988543 -0.0380966 0.0288997
8049.000000 -5.5313377 0.6371561 17.9308224 0.0056627 0.9987296 -0.0471198 0.0169358
8049.200000 -5.5256858 0.6220313 17.8433018 0.0037901 0.9988655 -0.0398184 -0.0258434
8049.366667 -5.5193458 0.6245260 17.7722340 0.0034825 0.9989863 -0.0439769 -0.0089625
8049.566667 -5.5103812 0.6231702 17.6793957 0.0016757 0.9989928 -0.0430644 0.0124911
8049.733333 -5.5051217 0.6101708 17.6121616 0.0008049 0.9990847 -0.0297457 0.0307292
8049.900000 -5.4997559 0.6188711 17.5436821 0.0002910 0.9985820 -0.0411711 0.0337470
8050.066667 -5.4937491 0.6125873 17.4691391 0.0058910 0.9992880 -0.0367200 0.0063646
8050.200000 -5.4950686 0.6025257 17.4137688 0.0144104 0.9993253 -0.0314376 -0.0123656
8050.333333 -5.4925942 0.6095777 17.3568974 0.0200422 0.9988740 -0.0410056 -0.0129439
8050.433333 -5.4911728 0.6117063 17.3134174 0.0165788 0.9984290 -0.0530220 -0.0073072
8050.533333 -5.4857593 0.6025081 17.2703762 0.0093885 0.9986503 -0.0507477 0.0058409
8050.666667 -5.4755001 0.5922884 17.2122421 -0.0000475 0.9991332 -0.0405838 0.0092633
8050.766667 -5.4658871 0.5966994 17.1689281 -0.0065966 0.9987677 -0.0354233 0.0341301
8050.866667 -5.4626427 0.5993590 17.1287460 -0.0090480 0.9983630 -0.0385581 0.0412638
8050.966667 -5.4551272 0.5966057 17.0847549 -0.0106529 0.9987324 -0.0367882 0.0326608
8051.100000 -5.4493918 0.5804175 17.0286064 -0.0104024 0.9985319 -0.0217203 0.0485176
8051.366667 -5.4339795 0.5916625 16.9084339 -0.0052846 0.9989763 -0.0221798 0.0390707
8051.633333 -5.4245181 0.5717062 16.7972775 -0.0001325 0.9963636 -0.0008329 0.0851989
8051.800000 -5.4128156 0.5780715 16.7292576 -0.0077916 0.9973458 -0.0176608 0.0702052
8051.933333 -5.4158564 0.5757256 16.6824455 -0.0120956 0.9985926 -0.0305357 0.0416432
8052.033333 -5.4049115 0.5671754 16.6341801 -0.0148014 0.9993027 -0.0299499 0.0166771
8052.300000 -5.3955965 0.5718874 16.5229664 0.0090653 0.9992998 -0.0314637 0.0181060
8052.533333 -5.3854179 0.5560318 16.4265099 0.0204155 0.9987697 -0.0349015 0.0287095
8052.633333 -5.3753610 0.5531665 16.3833141 0.0151266 0.9989825 -0.0320867 0.0278490
8052.733333 -5.3678942 0.5583047 16.3411045 0.0096364 0.9984457 -0.0404775 0.0370795
8052.833333 -5.3632188 0.5629262 16.2975636 0.0091500 0.9978435 -0.0430548 0.0486921
8053.033333 -5.3619499 0.5479821 16.2097244 0.0119312 0.9995155 -0.0286872 0.0018409
8053.133333 -5.3588662 0.5438433 16.1667156 0.0085906 0.9996504 -0.0247499 -0.0035834
8053.233333 -5.3553810 0.5493841 16.1231251 0.0077359 0.9991819 -0.0386930 -0.0088565
8053.333333 -5.3531642 0.5499873 16.0800610 0.0041303 0.9987395 -0.0492093 -0.0089864
8053.433333 -5.3484230 0.5452784 16.0330601 0.0001533 0.9988026 -0.0488208 0.0031347
8053.566667 -5.3459120 0.5341566 15.9777756 -0.0028545 0.9991764 -0.0374482 0.0153619
8053.666667 -5.3385882 0.5363993 15.9355106 -0.0109536 0.9989639 -0.0348974 0.0270793
8053.866667 -5.3319578 0.5416883 15.8507328 -0.0116891 0.9982545 -0.0453524 0.0359799
8054.000000 -5.3343105 0.5289974 15.7950907 -0.0074849 0.9988184 -0.0439084 0.0194372
8054.100000 -5.3345318 0.5252174 15.7503796 -0.0015950 0.9990311 -0.0407465 0.0165560
8054.200000 -5.3357201 0.5297565 15.7042189 0.0045429 0.9990676 -0.0417972 0.0098096
8054.300000 -5.3346238 0.5329684 15.6551819 0.0097370 0.9989323 -0.0431426 0.0133481
8054.566667 -5.3230586 0.5163392 15.5344801 0.0053857 0.9992898 -0.0206806 0.0310378
8054.833333 -5.3083143 0.5272459 15.4175825 -0.0102536 0.9992722 -0.0353806 0.0099118
8054.933333 -5.3021836 0.5166723 15.3694220 -0.0089830 0.9990750 -0.0262004 0.0328929
8055.066667 -5.3012867 0.5085405 15.3131771 0.0047620 0.9992511 -0.0277843 0.0265069
8055.266667 -5.3000731 0.5177291 15.2234402 0.0174615 0.9989340 -0.0362193 0.0226721
8055.400000 -5.2952218 0.5084029 15.1645947 0.0145494 0.9985579 -0.0351491 0.0378828
8055.500000 -5.2912064 0.4994342 15.1195583 0.0125698 0.9985833 -0.0257700 0.0448254
8055.766667 -5.2698851 0.5094034 15.0059967 -0.0062828 0.9975411 -0.0366958 0.0593772
8055.866667 -5.2684679 0.5016522 14.9630680 -0.0047515 0.9986920 -0.0365397 0.0354468
8056.133333 -5.2602158 0.4975980 14.8417730 -0.0081993 0.9992314 -0.0374270 0.0082840
8056.233333 -5.2637110 0.5027476 14.8023987 -0.0072139 0.9987456 -0.0492589 0.0053597
8056.333333 -5.2548242 0.5003902 14.7498512 -0.0071523 0.9988374 -0.0463688 0.0110773
8056.433333 -5.2538524 0.4847251 14.7135582 -0.0095146 0.9990377 -0.0366329 0.0221634
8056.533333 -5.2467780 0.4833376 14.6697645 -0.0141042 0.9991238 -0.0316981 0.0234079
8056.633333 -5.2417817 0.4921080 14.6262913 -0.0120435 0.9987369 -0.0360757 0.0328362
8056.733333 -5.2416768 0.4955547 14.5858259 -0.0049519 0.9985638 -0.0469353 0.0253560
8056.833333 -5.2347374 0.4881978 14.5399532 -0.0017990 0.9987206 -0.0466405 0.0194579
8056.966667 -5.2342668 0.4735241 14.4852362 -0.0019604 0.9989201 -0.0420215 0.0197193
8057.066667 -5.2307000 0.4787475 14.4412565 0.0003835 0.9989837 -0.0416490 0.0172285
8057.166667 -5.2274852 0.4855826 14.3966722 0.0042470 0.9985902 -0.0445940 0.0284757
8057.266667 -5.2272191 0.4827647 14.3488369 0.0098896 0.9984603 -0.0388739 0.0383158
8057.366667 -5.2250142 0.4719919 14.3051367 0.0129003 0.9982681 -0.0242367 0.0520278
8057.466667 -5.2172213 0.4678500 14.2580786 0.0080022 0.9988912 -0.0105264 0.0451826
8057.533333 -5.2123761 0.4704753 14.2308426 0.0015885 0.9986535 -0.0090912 0.0510485
8057.633333 -5.2039909 0.4796216 14.1852093 -0.0102119 0.9988039 -0.0142379 0.0456484
8057.833333 -5.1910729 0.4671073 14.0949402 -0.0153627 0.9967937 -0.0053384 0.0783446
8057.933333 -5.1915903 0.4583176 14.0549774 -0.0128026 0.9978623 -0.0038649 0.0639688
8058.033333 -5.1912827 0.4618902 14.0127335 -0.0034072 0.9982393 -0.0104193 0.0582929
8058.233333 -5.1932364 0.4638378 13.9253712 0.0172470 0.9966408 -0.0202454 0.0774579
8058.333333 -5.1939397 0.4504824 13.8856497 0.0222891 0.9960551 -0.0117806 0.0850804
8058.433333 -5.1864047 0.4458957 13.8431597 0.0183876 0.9965857 -0.0036172 0.0804104
8058.633333 -5.1741529 0.4574193 13.7638016 0.0118766 0.9966863 -0.0245909 0.0766208
8058.733333 -5.1714144 0.4514912 13.7238760 0.0136727 0.9967618 -0.0309614 0.0729406
8058.833333 -5.1713486 0.4374229 13.6852322 0.0112195 0.9974112 -0.0292723 0.0647165
8058.933333 -5.1657295 0.4355878 13.6394024 0.0097741 0.9987227 -0.0314420 0.0383259
8059.033333 -5.1593709 0.4430161 13.5954514 0.0098980 0.9981993 -0.0359852 0.0469599
8059.233333 -5.1591468 0.4425846 13.5064821 0.0165588 0.9975047 -0.0374143 0.0575362
8059.333333 -5.1527805 0.4332319 13.4617825 0.0176241 0.9965443 -0.0311150 0.0749710
8059.566667 -5.1407771 0.4367893 13.3639326 0.0166903 0.9955235 -0.0311050 0.0876754
8059.700000 -5.1337614 0.4352588 13.3070879 0.0106352 0.9964072 -0.0369496 0.0754607
8059.800000 -5.1289444 0.4228815 13.2675953 0.0020516 0.9960198 -0.0334043 0.0826098
8060.000000 -5.1277051 0.4216578 13.1799068 0.0083361 0.9986281 -0.0359538 0.0371461
8060.200000 -5.1287274 0.4213743 13.0911264 0.0202684 0.9975345 -0.0434843 0.0512170
8060.400000 -5.1177626 0.4082062 13.0023613 0.0160210 0.9980785 -0.0324537 0.0502935
8060.533333 -5.1118140 0.4172432 12.9460936 0.0170117 0.9967121 -0.0356004 0.0707682
8060.633333 -5.1109281 0.4175592 12.9049940 0.0206466 0.9966066 -0.0388298 0.0695792
8060.866667 -5.1047468 0.3976184 12.7979307 0.0178800 0.9989061 -0.0203538 0.0381116
8061.000000 -5.1003876 0.4042837 12.7405138 0.0124842 0.9995164 -0.0204266 0.0198490
8061.166667 -5.0953240 0.4056717 12.6638889 0.0105216 0.9992628 -0.0293401 0.0224150
8061.300000 -5.0901356 0.3929485 12.6058998 0.0078094 0.9989315 -0.0210882 0.0403752
8061.566667 -5.0729504 0.4032860 12.4924221 0.0003557 0.9976097 -0.0257451 0.0641245
8061.666667 -5.0720391 0.3966613 12.4534292 0.0025611 0.9979157 -0.0300941 0.0570262
8061.766667 -5.0727429 0.3867408 12.4113951 0.0037437 0.9989036 -0.0321069 0.0338638
8061.866667 -5.0667920 0.3853202 12.3611698 0.0066295 0.9991108 -0.0312897 0.0274684
8061.966667 -5.0649214 0.3894527 12.3180838 0.0096960 0.9987049 -0.0320547 0.0383015
8062.100000 -5.0635252 0.3948304 12.2554140 0.0156704 0.9981030 -0.0384480 0.0454605
8062.200000 -5.0649467 0.3821710 12.2142973 0.0240414 0.9969955 -0.0318002 0.0664137
8062.400000 -5.0562263 0.3754694 12.1288986 0.0156002 0.9983402 -0.0318190 0.0453994
8062.533333 -5.0544519 0.3819005 12.0766783 0.0136566 0.9973537 -0.0470453 0.0537197
8062.633333 -5.0525770 0.3796678 12.0336523 0.0106380 0.9979726 -0.0524320 0.0344740
8062.833333 -5.0509009 0.3637222 11.9452171 0.0096040 0.9990717 -0.0418936 -0.0029066
8062.966667 -5.0502996 0.3732868 11.8838367 0.0119647 0.9990455 -0.0403267 -0.0117788
8063.100000 -5.0484715 0.3772379 11.8195124 0.0135776 0.9991347 -0.0379166 0.0103905
8063.200000 -5.0460811 0.3676555 11.7748413 0.0098693 0.9991798 -0.0282980 0.0272322
8063.333333 -5.0393939 0.3595128 11.7151642 0.0038032 0.9995530 -0.0139852 0.0261503
8063.566667 -5.0287528 0.3708148 11.6149063 0.0086747 0.9984211 -0.0306784 0.0462489
8063.700000 -5.0299478 0.3596549 11.5581741 0.0166902 0.9987906 -0.0358785 0.0291805
8063.800000 -5.0305238 0.3498557 11.5155363 0.0149124 0.9993139 -0.0320289 0.0111114
8063.900000 -5.0279603 0.3527948 11.4694204 0.0154171 0.9992694 -0.0348509 -0.0029097
8064.000000 -5.0254560 0.3612509 11.4218512 0.0202221 0.9989021 -0.0422575 0.0001144
8064.133333 -5.0240850 0.3564178 11.3602953 0.0242611 0.9985851 -0.0404282 0.0245924
8064.233333 -5.0207181 0.3441764 11.3192682 0.0239224 0.9988539 -0.0283260 0.0302706
8064.366667 -5.0062819 0.3465165 11.2586079 0.0194443 0.9989228 -0.0220877 0.0358788
8064.533333 -4.9955115 0.3538060 11.1870041 0.0155415 0.9983392 -0.0335446 0.0441807
8064.666667 -4.9892507 0.3454483 11.1269588 0.0122851 0.9994743 -0.0261802 0.0146550
8064.800000 -4.9828963 0.3362888 11.0669641 0.0101242 0.9997637 -0.0164153 0.0100266
8064.900000 -4.9762850 0.3425277 11.0230694 0.0088989 0.9994345 -0.0274568 0.0172486
8065.033333 -4.9739571 0.3458416 10.9661360 0.0068194 0.9984840 -0.0399049 0.0372924
8065.266667 -4.9686136 0.3273689 10.8628578 0.0028634 0.9994259 -0.0207032 0.0266669
8065.400000 -4.9604554 0.3354397 10.8041639 0.0036256 0.9984265 -0.0159372 0.0536408
8065.533333 -4.9606838 0.3378590 10.7503757 0.0122666 0.9980446 -0.0255658 0.0557038
8065.800000 -4.9591441 0.3207543 10.6327991 0.0157755 0.9995864 -0.0240312 0.0008152
8065.933333 -4.9590998 0.3315178 10.5726786 0.0172313 0.9994676 -0.0262043 0.0089981
8066.066667 -4.9588223 0.3306048 10.5119152 0.0198113 0.9993575 -0.0234605 0.0184849
8066.200000 -4.9585938 0.3159097 10.4547501 0.0236926 0.9989403 -0.0108991 0.0379210
8066.333333 -4.9493685 0.3157846 10.3958759 0.0207752 0.9978175 -0.0018201 0.0626533
8066.466667 -4.9447165 0.3254128 10.3405161 0.0169584 0.9983966 -0.0165200 0.0514173
8066.600000 -4.9427395 0.3173527 10.2849455 0.0145554 0.9993883 -0.0223048 0.0226658
8066.733333 -4.9366198 0.3065408 10.2249575 0.0123606 0.9992965 -0.0128914 0.0329764
8066.900000 -4.9364347 0.3144352 10.1540451 0.0205710 0.9987616 -0.0166739 0.0421206
8067.200000 -4.9318681 0.2982086 10.0266647 0.0197295 0.9958276 -0.0198617 0.0868538
8067.366667 -4.9207792 0.3045948 9.9563856 0.0101942 0.9964186 -0.0248106 0.0801902
8067.533333 -4.9179020 0.3075075 9.8892450 0.0059108 0.9973911 -0.0351786 0.0627574
8067.700000 -4.9103212 0.2910440 9.8132896 0.0024530 0.9991192 -0.0234250 0.0347290
8067.866667 -4.9035139 0.3000522 9.7355738 0.0027068 0.9994529 -0.0145892 0.0295577
8068.033333 -4.8965464 0.3040066 9.6573744 0.0060808 0.9979903 -0.0115481 0.0620078
8068.533333 -4.8634992 0.2944641 9.4621763 -0.0040377 0.9930544 -0.0344658 0.1124226
8068.700000 -4.8535523 0.2770412 9.3951998 -0.0081516 0.9944339 -0.0357269 0.0987847
8068.900000 -4.8442116 0.2822061 9.3243523 -0.0032648 0.9891101 -0.0306014 0.1439237
8069.066667 -4.8293877 0.2820652 9.2530184 -0.0047618 0.9761499 -0.0329742 0.2145258
8069.233333 -4.8113832 0.2678154 9.1896200 -0.0053973 0.9671357 -0.0213861 0.2533025
8069.433333 -4.7816048 0.2762675 9.1181679 -0.0030338 0.9428077 -0.0176925 0.3328535
8069.633333 -4.7487383 0.2689406 9.0494690 -0.0185032 0.9432051 -0.0233416 0.3308730
8070.100000 -4.6572185 0.2718626 8.8739853 -0.0056449 0.9154068 -0.0286960 0.4014662
8070.266667 -4.6205339 0.2586065 8.8267345 -0.0059708 0.8772268 -0.0109380 0.4799144
8070.433333 -4.5804281 0.2677244 8.7848587 -0.0136679 0.8639693 -0.0221180 0.5028728
8070.600000 -4.5269723 0.2690031 8.7409849 -0.0231621 0.8476595 -0.0297593 0.5291986
8070.933333 -4.4346871 0.2673506 8.6640625 -0.0131952 0.8256199 -0.0344480 0.5630195
8071.133333 -4.3667760 0.2632518 8.6234856 -0.0066982 0.7945944 -0.0281520 0.6064506
8071.333333 -4.2938504 0.2582771 8.6001759 -0.0120439 0.7483752 -0.0116326 0.6630643
8071.500000 -4.2307515 0.2723782 8.5872946 -0.0146357 0.7276093 -0.0211067 0.6855108
8071.666667 -4.1737270 0.2609950 8.5747080 -0.0171879 0.7136958 -0.0264651 0.6997446
8071.866667 -4.1045356 0.2610499 8.5630522 -0.0213523 0.6995926 -0.0292829 0.7136223
8072.066667 -4.0351439 0.2860375 8.5499191 -0.0105793 0.6669039 -0.0419436 0.7438871
8072.266667 -3.9677610 0.2781804 8.5416012 -0.0107896 0.6440632 -0.0432051 0.7636749
8072.500000 -3.8868041 0.2779949 8.5445452 -0.0068974 0.6188754 -0.0382804 0.7845255
8072.966667 -3.7496378 0.2650549 8.5400362 0.0064988 0.6394743 -0.0127187 0.7686799
8073.266667 -3.6470692 0.2686424 8.5432625 0.0101801 0.6206716 -0.0168410 0.7838237
8073.433333 -3.6208510 0.2556677 8.5401831 0.0040377 0.6017975 -0.0016422 0.7986369
8074.400000 -3.3122005 0.2599799 8.5420046 0.0096540 0.6461455 -0.0166492 0.7629716
8074.600000 -3.2358708 0.2509252 8.5433893 -0.0022721 0.6414844 -0.0119576 0.7670395
8074.800000 -3.1606624 0.2598256 8.5467796 -0.0046596 0.6396910 -0.0219478 0.7683046
8074.966667 -3.0955319 0.2496226 8.5505791 -0.0061874 0.6406011 -0.0242537 0.7674658
8075.166667 -3.0236001 0.2449139 8.5459175 -0.0033285 0.6525423 -0.0282546 0.7572181
8075.366667 -2.9312506 0.2517079 8.5374966 0.0053156 0.6728727 -0.0327734 0.7390128
8075.566667 -2.8461521 0.2425920 8.5337610 0.0037278 0.6770932 -0.0234281 0.7355148
8075.766667 -2.7729383 0.2487637 8.5310459 0.0076078 0.6887430 -0.0299987 0.7243447
8075.933333 -2.6945102 0.2474214 8.5307579 0.0086846 0.7036887 -0.0364542 0.7095195
8076.100000 -2.6214042 0.2467869 8.5273132 0.0069615 0.7126867 -0.0315760 0.7007369
8076.300000 -2.5369232 0.2540863 8.5240421 0.0156839 0.7040113 -0.0314295 0.7093197
8076.500000 -2.4461219 0.2469117 8.5242701 0.0117264 0.6989629 -0.0303906 0.7144157
8076.933333 -2.2675028 0.2552017 8.5225191 0.0045960 0.6943437 -0.0418175 0.7184128
8077.133333 -2.1712799 0.2553334 8.5192184 -0.0073837 0.7011043 -0.0285599 0.7124482
8077.333333 -2.0768108 0.2696606 8.5154495 -0.0056831 0.6841255 -0.0272775 0.7288319
8077.533333 -1.9914498 0.2567559 8.5164156 -0.0124731 0.6676461 -0.0153382 0.7442163
8077.733333 -1.9105662 0.2717394 8.5240669 -0.0132073 0.6597748 -0.0261668 0.7508916
8077.966667 -1.8145373 0.2659419 8.5259781 -0.0156028 0.6621316 -0.0248023 0.7488145
8078.200000 -1.7139239 0.2759796 8.5299597 -0.0121246 0.6599874 -0.0207918 0.7508910
8078.433333 -1.6169267 0.2703699 8.5380392 -0.0032999 0.6203060 -0.0166878 0.7841754
8078.700000 -1.5119458 0.2796984 8.5669441 -0.0122820 0.5753446 -0.0165752 0.8176509
8078.900000 -1.4332922 0.2787325 8.5893250 -0.0120901 0.5581660 -0.0196717 0.8294079
8079.366667 -1.2538139 0.2725197 8.6629982 -0.0071003 0.5093239 -0.0172887 0.8603719
8079.600000 -1.1794780 0.2644176 8.7125683 -0.0177896 0.4296534 -0.0055141 0.9028018
8079.766667 -1.1342673 0.2725376 8.7477131 -0.0137480 0.4005757 -0.0231414 0.9158682
8079.933333 -1.0845767 0.2580938 8.7849874 -0.0159613 0.3655768 -0.0252166 0.9303026
8080.100000 -1.0346596 0.2619844 8.8312674 -0.0161992 0.3288089 -0.0124282 0.9441757
8080.266667 -0.9890471 0.2699118 8.8768797 -0.0048425 0.2801045 -0.0118312 0.9598844
8080.433333 -0.9516934 0.2607501 8.9291105 -0.0069702 0.2182654 -0.0055859 0.9758486
8080.600000 -0.9211502 0.2627914 8.9868984 -0.0215605 0.1430377 0.0008864 0.9894820
8080.733333 -0.9026557 0.2734354 9.0349226 -0.0178796 0.1171022 -0.0070123 0.9929342
8081.466667 -0.8306412 0.2737448 9.3269577 -0.0143912 -0.0246710 -0.0134885 0.9995010
8081.600000 -0.8291706 0.2793312 9.3785658 -0.0235790 -0.0661651 -0.0117969 0.9974603
8081.766667 -0.8260993 0.2930869 9.4471531 -0.0136405 -0.0691434 -0.0117277 0.9974445
8081.866667 -0.8282220 0.2868413 9.4891768 -0.0180264 -0.0834410 -0.0087326 0.9963114
8082.233333 -0.8286130 0.2989019 9.6411629 0.0050989 -0.0764778 -0.0084766 0.9970222
8082.733333 -0.8443276 0.3061813 9.8538933 -0.0080999 -0.1226783 -0.0019006 0.9924116
8083.000000 -0.8496451 0.3035912 9.9809132 -0.0086393 -0.0387836 0.0035567 0.9992040
8083.233333 -0.8576977 0.3201763 10.0871363 0.0070907 -0.0786485 0.0082004 0.9968435
8083.466667 -0.8736715 0.3124473 10.1970062 -0.0150794 -0.1201355 0.0110404 0.9925815
8083.700000 -0.8907728 0.3308041 10.2973967 -0.0076862 -0.1547195 0.0063051 0.9879084
8083.966667 -0.8993261 0.3237989 10.4151611 -0.0180270 -0.1486826 0.0027617 0.9887168
8084.200000 -0.9053208 0.3428757 10.5228844 -0.0100206 -0.1380577 0.0083762 0.9903381
8084.433333 -0.9192630 0.3357956 10.6309528 -0.0234445 -0.1393567 0.0088733 0.9899249
8084.666667 -0.9334129 0.3521997 10.7304049 -0.0149944 -0.1555613 0.0115344 0.9876451
8084.900000 -0.9445497 0.3444373 10.8362398 -0.0250416 -0.1299763 0.0153369 0.9910822
8085.133333 -0.9586164 0.3616236 10.9373446 -0.0049705 -0.1207487 0.0095082 0.9926251
8085.600000 -0.9902341 0.3703882 11.1373568 -0.0005145 -0.0796479 -0.0078990 0.9967917
8085.833333 -0.9999689 0.3570469 11.2410011 -0.0092598 -0.0386548 -0.0135984 0.9991172
8086.066667 -1.0093458 0.3785179 11.3455009 -0.0015251 -0.0214132 0.0019025 0.9997677
8086.300000 -1.0139827 0.3683269 11.4483128 -0.0082653 -0.0176229 0.0157446 0.9996865
8086.833333 -1.0466632 0.3808491 11.6856279 -0.0100421 -0.0089441 -0.0092085 0.9998671
8087.233333 -1.0505342 0.3862053 11.8571148 0.0076372 -0.0080124 -0.0008346 0.9999384
8087.666667 -1.0815696 0.4122450 12.0560780 -0.0003755 -0.0132920 -0.0072111 0.9998856
8087.966667 -1.0848535 0.4092365 12.1805353 -0.0038849 -0.0237304 0.0051620 0.9996975
8088.200000 -1.0941865 0.4120188 12.2855597 0.0096466 -0.0175647 0.0083540 0.9997643
8088.466667 -1.1177514 0.4219206 12.4045067 -0.0047894 -0.0272518 -0.0042790 0.9996080
8088.700000 -1.1300890 0.4169417 12.5072298 -0.0069962 -0.0069344 -0.0089958 0.9999110
8088.933333 -1.1446522 0.4318637 12.6180143 -0.0105752 0.0102588 -0.0145005 0.9997863
8089.166667 -1.1509101 0.4293405 12.7252998 -0.0220900 -0.0127439 -0.0021066 0.9996725
8089.400000 -1.1671743 0.4343561 12.8214827 -0.0268526 -0.0188043 -0.0079053 0.9994313
8090.166667 -1.1963570 0.4342270 13.1472759 -0.0058016 0.0078427 0.0152948 0.9998354
8090.466667 -1.2382829 0.4566345 13.2798414 0.0137721 -0.0217352 -0.0039119 0.9996613
8090.700000 -1.2449547 0.4363110 13.3703327 0.0070799 -0.0416029 -0.0043704 0.9990996
8090.933333 -1.2562470 0.4521899 13.4770174 0.0095712 -0.0462590 0.0080972 0.9988508
8091.433333 -1.2914405 0.4629856 13.6947231 -0.0034331 -0.0744677 0.0010519 0.9972169
8091.900000 -1.3134017 0.4652968 13.9003086 -0.0050803 -0.0500364 0.0078201 0.9987038
8092.133333 -1.3269968 0.4601595 14.0034428 -0.0140072 -0.1012729 0.0116575 0.9946918
8092.366667 -1.3479483 0.4687656 14.0984402 -0.0105126 -0.0991274 -0.0008241 0.9950189
8093.133333 -1.3819181 0.4680003 14.4360723 0.0136241 -0.0699308 0.0068445 0.9974353
8093.366667 -1.4000292 0.4844497 14.5368319 0.0095209 -0.0757072 0.0050047 0.9970720
8093.600000 -1.4090340 0.4809643 14.6409044 -0.0176890 -0.0664685 0.0051584 0.9976184
8093.833333 -1.4184573 0.4920606 14.7509899 -0.0195439 -0.0346432 0.0125961 0.9991292
8094.533333 -1.4573002 0.5047137 15.0513592 0.0015895 -0.0493787 -0.0049918 0.9987664
8094.800000 -1.4640790 0.5071346 15.1678114 -0.0009997 -0.0272616 -0.0015574 0.9996266
8095.066667 -1.4619793 0.5033216 15.2849846 -0.0084849 -0.0403929 0.0269567 0.9987841
8095.300000 -1.4790071 0.5174195 15.3877573 -0.0122080 -0.0401682 0.0256345 0.9987894
8095.533333 -1.4894456 0.5171601 15.4862833 0.0003137 -0.0270058 0.0202055 0.9994310
8095.766667 -1.4947962 0.5211283 15.5894527 -0.0063821 -0.0049429 0.0183051 0.9997998
8096.000000 -1.5112610 0.5302536 15.7024612 -0.0066161 -0.0344268 0.0121836 0.9993110
8096.233333 -1.5255475 0.5312081 15.8031588 -0.0182640 -0.0390551 0.0038945 0.9990625
8096.466667 -1.5352552 0.5358626 15.8947229 -0.0072992 -0.0291993 0.0000934 0.9995469
8096.866667 -1.5489291 0.5505602 16.0770493 0.0111497 -0.0044912 -0.0069125 0.9999039
8097.100000 -1.5561593 0.5403529 16.1827278 -0.0108200 -0.0323950 0.0016963 0.9994152
8097.333333 -1.5698637 0.5566871 16.2819614 -0.0093588 -0.0464834 0.0024229 0.9988723
8097.566667 -1.5768688 0.5454859 16.3849411 -0.0322543 -0.0322210 0.0034078 0.9989544
8098.033333 -1.5957806 0.5532742 16.5897198 -0.0292328 -0.0832349 0.0137796 0.9960058
8098.266667 -1.6116153 0.5679971 16.6878300 -0.0242343 -0.0807558 0.0034236 0.9964334
8098.533333 -1.6216360 0.5615296 16.8013668 -0.0135456 -0.0159518 -0.0064611 0.9997602
8098.833333 -1.6326957 0.5835199 16.9412727 -0.0174498 -0.0271575 0.0113601 0.9994143
8099.066667 -1.6413701 0.5732526 17.0470467 -0.0423419 -0.0420004 0.0153003 0.9981027
8099.300000 -1.6634912 0.5940821 17.1461468 -0.0254797 -0.0576955 -0.0027789 0.9980052
8099.533333 -1.6701380 0.5815177 17.2483101 -0.0311791 -0.0333475 0.0049938 0.9989449
8099.766667 -1.6783830 0.5992332 17.3502808 -0.0131759 -0.0301065 0.0139686 0.9993622
8100.066667 -1.6968940 0.5901560 17.4804325 -0.0154746 -0.0492339 0.0084643 0.9986315
8100.533333 -1.7267148 0.5988076 17.6826019 -0.0158248 -0.0293160 -0.0023496 0.9994422
8100.766667 -1.7405396 0.6205238 17.7849426 0.0003920 -0.0473372 -0.0020513 0.9988768
8101.233333 -1.7672564 0.6376799 17.9957027 -0.0143656 -0.0776059 0.0082381 0.9968466
8101.466667 -1.7727231 0.6255447 18.0988045 -0.0327244 -0.0546448 0.0121302 0.9978957
8101.700000 -1.7818799 0.6404113 18.1998425 -0.0067272 -0.0429142 0.0187399 0.9988803
8102.400000 -1.8116758 0.6395419 18.5059414 -0.0123967 -0.0411799 0.0081981 0.9990412
8102.633333 -1.8142195 0.6556442 18.6066360 -0.0044730 -0.0197613 0.0131130 0.9997087
8103.100000 -1.8352375 0.6645328 18.8163395 -0.0308650 -0.0549059 -0.0013668 0.9980134
8103.333333 -1.8469472 0.6651272 18.9192085 -0.0239494 -0.0506414 -0.0050673 0.9984168
8103.566667 -1.8532671 0.6704872 19.0217266 -0.0199738 -0.0508005 0.0005465 0.9985089
8103.833333 -1.8591547 0.6689155 19.1409225 -0.0174389 -0.0778815 0.0098275 0.9967616
8104.166667 -1.8764372 0.6920417 19.2874222 -0.0110562 -0.0602989 0.0069225 0.9980952
8104.733333 -1.9025127 0.7019051 19.5506535 -0.0224910 -0.0678244 0.0021026 0.9974415
8104.966667 -1.9107424 0.7003248 19.6506786 -0.0430949 -0.0816335 0.0038818 0.9957227
8105.466667 -1.9215955 0.7067738 19.8621006 -0.0091875 -0.0184204 0.0033737 0.9997824
8105.933333 -1.9445957 0.7156744 20.0685368 -0.0101735 -0.0305460 -0.0045930 0.9994710
8106.166667 -1.9586662 0.7284940 20.1668911 0.0008940 -0.0295604 -0.0085987 0.9995256
8106.400000 -1.9659405 0.7218646 20.2704201 -0.0127185 -0.0111046 -0.0089167 0.9998177
8106.633333 -1.9729830 0.7425339 20.3770046 -0.0047051 -0.0260090 0.0100524 0.9996001
8106.866667 -1.9890332 0.7361287 20.4844856 -0.0242832 -0.0372368 0.0049975 0.9989989
8107.100000 -1.9944140 0.7531254 20.5795174 -0.0163510 -0.0612181 0.0009451 0.9979900
8107.433333 -2.0010383 0.7522352 20.7325974 -0.0249583 -0.0097675 0.0092291 0.9995981
8107.666667 -2.0028462 0.7584297 20.8355522 -0.0200437 -0.0320257 0.0196607 0.9990926
8107.900000 -2.0162055 0.7583610 20.9345818 -0.0229874 -0.0157764 0.0044076 0.9996015
8108.133333 -2.0309618 0.7703769 21.0376740 -0.0022675 -0.0134205 0.0008050 0.9999071
8108.366667 -2.0399663 0.7688059 21.1456509 -0.0154559 -0.0291511 0.0046803 0.9994445
8108.600000 -2.0424931 0.7789847 21.2487850 -0.0002153 -0.0479510 0.0058485 0.9988325
8108.833333 -2.0523837 0.7746675 21.3529396 -0.0095930 -0.0736042 0.0045573 0.9972309
8109.100000 -2.0658970 0.7897471 21.4706326 -0.0184558 -0.0564440 -0.0027908 0.9982313
8109.400000 -2.0771933 0.7971111 21.6147728 -0.0345932 -0.0328026 -0.0078319 0.9988323
8109.700000 -2.0798943 0.7933489 21.7494030 -0.0292369 -0.0539199 0.0049983 0.9981046
8109.966667 -2.0948176 0.8196515 21.8729038 -0.0186617 -0.0613795 0.0128079 0.9978578
8110.233333 -2.0970941 0.8052909 21.9899731 -0.0193483 -0.0148708 0.0080818 0.9996696
8110.833333 -2.1286404 0.8270986 22.2738094 -0.0343170 -0.0604179 0.0017682 0.9975815
8111.633333 -2.1435139 0.8404902 22.5958786 -0.0059037 -0.0664733 0.0120198 0.9976984
8111.900000 -2.1638052 0.8602953 22.7268353 -0.0260591 -0.0770268 0.0082801 0.9966540
8112.166667 -2.1688113 0.8644879 22.8413467 -0.0336537 -0.0507335 0.0051281 0.9981319
8112.633333 -2.1673672 0.8820401 23.0323944 -0.0262755 -0.0781927 0.0199103 0.9963930
8112.900000 -2.1866965 0.9087332 23.1710052 -0.0364252 -0.0510862 0.0082656 0.9979956
8113.133333 -2.1902192 0.8973189 23.2417068 -0.0354401 -0.0198588 -0.0036066 0.9991680
8113.366667 -2.1925273 0.9241396 23.3896389 -0.0275652 -0.0198807 -0.0058126 0.9994054
8113.600000 -2.2016795 0.9248558 23.4797058 -0.0310134 -0.0634339 0.0085755 0.9974672
8114.100000 -2.2187622 0.9400180 23.6995220 -0.0399025 -0.0369133 0.0023615 0.9985187
8114.566667 -2.2381649 0.9426861 23.9045296 -0.0325544 -0.0664882 0.0060585 0.9972376
8114.833333 -2.2586007 0.9528995 24.0153446 -0.0210286 -0.0653950 -0.0085979 0.9976008
8115.300000 -2.2636268 0.9571263 24.2144241 -0.0120003 -0.0174890 0.0042474 0.9997661
8115.766667 -2.2876973 0.9646392 24.4247456 -0.0117588 -0.0610414 0.0187826 0.9978892
8116.000000 -2.2970800 0.9706794 24.5168839 -0.0027563 -0.0390379 0.0154574 0.9991144
8116.466667 -2.3153932 0.9819069 24.7157497 -0.0279634 -0.0444768 0.0217209 0.9983827
8116.866667 -2.3424716 0.9847644 24.8619556 -0.0143663 -0.0469274 0.0051327 0.9987818
8117.100000 -2.3462484 0.9759055 24.9502258 -0.0118517 -0.0253930 0.0142821 0.9995053
8117.333333 -2.3502021 1.0015393 25.0637360 -0.0133527 -0.0055414 0.0204375 0.9996866
8117.533333 -2.3568494 1.0096529 25.1555080 -0.0028954 -0.0355534 0.0230984 0.9990966
8117.733333 -2.3684049 1.0060893 25.2318516 -0.0133570 -0.0490253 0.0177345 0.9985508
8118.066667 -2.3887784 1.0167009 25.3574829 -0.0172383 -0.0446645 0.0119691 0.9987816
8118.233333 -2.3949625 1.0241787 25.4350700 -0.0249428 -0.0135426 0.0066023 0.9995753
8118.400000 -2.3989229 1.0434371 25.4996738 -0.0050722 -0.0217332 0.0139313 0.9996539
8118.566667 -2.4045396 1.0414652 25.5665817 -0.0013395 -0.0506395 0.0187634 0.9985398
8118.866667 -2.4282844 1.0544544 25.6858845 -0.0132282 -0.0664839 0.0082230 0.9976659
8119.000000 -2.4389477 1.0676509 25.7392998 -0.0039554 -0.0738831 0.0081876 0.9972255
8119.133333 -2.4381671 1.0506279 25.7805157 -0.0104540 -0.0722445 0.0072119 0.9973061
8119.266667 -2.4450288 1.0597315 25.8362198 -0.0083840 -0.0459688 0.0074966 0.9988796
8119.400000 -2.4487963 1.0766351 25.8872604 0.0025120 -0.0650484 0.0115251 0.9978124
8119.533333 -2.4504962 1.0834466 25.9336338 0.0121677 -0.0740663 0.0159582 0.9970514
8119.666667 -2.4569631 1.0761347 25.9815674 0.0059975 -0.0952025 0.0185438 0.9952671
8119.800000 -2.4660113 1.0755262 26.0275249 -0.0037471 -0.1086442 0.0129090 0.9939898
8120.066667 -2.4870257 1.0996168 26.1246891 0.0097891 -0.1317436 0.0153360 0.9911168
8120.266667 -2.5042031 1.0895072 26.1963768 -0.0035819 -0.1499542 0.0152449 0.9885689
8120.366667 -2.5164230 1.0959867 26.2313881 -0.0050820 -0.1770401 0.0198513 0.9839903
8120.500000 -2.5324633 1.1063793 26.2747231 0.0030920 -0.2272759 0.0240130 0.9735294
8120.633333 -2.5475049 1.1078655 26.3190784 0.0077759 -0.2779455 0.0308694 0.9600692
8120.766667 -2.5648980 1.1009665 26.3571033 0.0023181 -0.3441334 0.0337500 0.9383111
8120.900000 -2.5864408 1.1017185 26.3927021 -0.0060072 -0.3795094 0.0269402 0.9247760
8121.033333 -2.6106946 1.1106142 26.4263573 0.0000021 -0.4102216 0.0236815 0.9116784
8121.166667 -2.6357584 1.1098382 26.4581089 0.0038157 -0.4368283 0.0169356 0.8993773
8121.300000 -2.6581113 1.1008626 26.4901123 0.0006651 -0.4563760 0.0067804 0.8897609
8121.566667 -2.7067099 1.1087385 26.5502510 -0.0047340 -0.5170577 0.0127279 0.8558428
8121.733333 -2.7312276 1.1066597 26.5854073 0.0058283 -0.5528319 0.0195800 0.8330423
8121.866667 -2.7507062 1.0995829 26.6091022 0.0035119 -0.5891018 0.0243684 0.8076837
8122.066667 -2.7854099 1.0979981 26.6384411 -0.0068470 -0.6185588 0.0249531 0.7853124
8122.200000 -2.8113091 1.1026694 26.6546841 -0.0026822 -0.6239991 0.0225497 0.7810950
8122.300000 -2.8328528 1.1035839 26.6655788 0.0013090 -0.6258098 0.0209311 0.7796937
8122.433333 -2.8595414 1.0954834 26.6801701 0.0020221 -0.6290292 0.0139850 0.7772532
8122.533333 -2.8814073 1.0942518 26.6918430 0.0006526 -0.6253747 0.0085001 0.7802780
8122.833333 -2.9414542 1.0980010 26.7235298 -0.0049731 -0.6788024 0.0127370 0.7341937
8123.166667 -2.9845371 1.0885575 26.7544708 0.0017809 -0.7191756 0.0158939 0.6946442
8123.533333 -3.0185792 1.0890630 26.7764969 -0.0133508 -0.7075575 0.0244734 0.7061056
8124.333333 -3.0975718 1.1010542 26.7783833 -0.0291758 -0.7140881 0.0210254 0.6991315
8124.500000 -3.1245325 1.1172471 26.7761173 -0.0195070 -0.7310421 0.0230596 0.6816635
8125.000000 -3.1941364 1.1253567 26.7761822 0.0105144 -0.7732463 0.0260684 0.6334825
8125.166667 -3.2174404 1.1257319 26.7775307 0.0102402 -0.7756971 0.0403471 0.6297311
8125.300000 -3.2406788 1.1227738 26.7749825 0.0064469 -0.7723789 0.0477964 0.6333284
8125.566667 -3.2807872 1.1167854 26.7761612 -0.0190889 -0.7672894 0.0490325 0.6391388
8126.700000 -3.4023268 1.1090822 26.7765808 -0.0201762 -0.7564365 0.0362683 0.6527491
8127.200000 -3.4276791 1.1054473 26.7603054 -0.0067179 -0.7452771 0.0431226 0.6653250
8127.366667 -3.4349432 1.1054273 26.7557144 -0.0089431 -0.7467265 0.0409975 0.6638063
8129.700000 -3.5419135 1.1055721 26.7444286 -0.0039055 -0.7372487 0.0400881 0.6744198
8129.900000 -3.5746534 1.0993110 26.7483482 -0.0039070 -0.7358730 0.0385530 0.6760099
8130.233333 -3.6286898 1.0981510 26.7489986 -0.0189469 -0.7328594 0.0287634 0.6795078
8130.400000 -3.6572044 1.1000441 26.7446899 -0.0117050 -0.7304187 0.0340812 0.6820484
8130.733333 -3.7201571 1.0941030 26.7366104 -0.0000718 -0.7193997 0.0294257 0.6939728
8131.100000 -3.7981374 1.0949882 26.7366390 -0.0137072 -0.7187529 0.0249078 0.6946841
8131.466667 -3.8659990 1.0867636 26.7325745 -0.0103827 -0.7366257 0.0266500 0.6756957
8131.666667 -3.8999050 1.0868587 26.7208405 -0.0074394 -0.7482613 0.0191455 0.6630861
8131.866667 -3.9389346 1.0895541 26.7064934 -0.0033459 -0.7537184 0.0290175 0.6565480
8132.100000 -3.9814425 1.0786655 26.6972561 -0.0064398 -0.7471058 0.0351966 0.6637414
8132.300000 -4.0312939 1.0837753 26.6881084 -0.0183650 -0.7463499 0.0217769 0.6649439
8132.466667 -4.0748510 1.0867826 26.6809483 -0.0141098 -0.7470648 0.0201075 0.6642972
8132.900000 -4.1934810 1.0769972 26.6738853 -0.0219237 -0.7561540 0.0312778 0.6532781
8133.300000 -4.3121495 1.0744824 26.6540222 -0.0216396 -0.7454360 0.0288562 0.6656007
8133.500000 -4.3817225 1.0787640 26.6428909 -0.0177678 -0.7338213 0.0253063 0.6786385
8133.700000 -4.4460001 1.0827781 26.6400337 -0.0023343 -0.7399908 0.0392795 0.6714650
8133.866667 -4.5081773 1.0739726 26.6298828 0.0032387 -0.7600160 0.0421625 0.6485273
8134.033333 -4.5642691 1.0726744 26.6195850 -0.0009875 -0.7697086 0.0322763 0.6375781
8134.200000 -4.6243887 1.0812773 26.6055870 0.0048315 -0.7635105 0.0373283 0.6446975
8134.400000 -4.6948080 1.0681007 26.5950661 -0.0029993 -0.7469168 0.0400752 0.6637020
8134.566667 -4.7592793 1.0700248 26.5802536 -0.0070194 -0.7460437 0.0361430 0.6648783
8134.733333 -4.8230376 1.0775981 26.5663643 0.0029262 -0.7543426 0.0488909 0.6546514
8134.900000 -4.8825469 1.0672501 26.5564270 0.0030673 -0.7607870 0.0557601 0.6465946
8135.066667 -4.9499722 1.0689127 26.5368500 0.0004544 -0.7675074 0.0413847 0.6397027
8135.233333 -5.0180397 1.0833198 26.5129852 0.0154397 -0.7655813 0.0408714 0.6418539
8135.433333 -5.0939932 1.0729661 26.4970379 0.0155994 -0.7538416 0.0377888 0.6557831
8135.600000 -5.1670771 1.0798208 26.4772816 0.0098133 -0.7671282 0.0338063 0.6405272
8135.766667 -5.2299056 1.0878218 26.4627399 0.0105596 -0.7854147 0.0438765 0.6173226
8135.933333 -5.2982354 1.0782218 26.4464340 -0.0009514 -0.7961591 0.0389619 0.6038308
8136.066667 -5.3499207 1.0803263 26.4282169 -0.0053524 -0.8037998 0.0261938 0.5942988
8136.233333 -5.4129295 1.0964358 26.4029503 0.0147668 -0.7965153 0.0321100 0.6035845
8136.400000 -5.4745626 1.0897205 26.3803101 0.0164552 -0.7902256 0.0308023 0.6118202
8136.566667 -5.5451055 1.0861371 26.3577824 0.0087774 -0.7924449 0.0247699 0.6093771
8136.733333 -5.6123652 1.1008062 26.3312778 0.0136703 -0.8038173 0.0448828 0.5930231
8136.866667 -5.6632915 1.0938041 26.3088093 0.0083920 -0.8169412 0.0460156 0.5748211
8137.000000 -5.7177329 1.0871124 26.2796173 -0.0008668 -0.8332253 0.0303223 0.5521009
8137.133333 -5.7680192 1.1000010 26.2427006 0.0029026 -0.8582734 0.0320434 0.5121832
8137.266667 -5.8167315 1.1009735 26.2038059 -0.0052938 0.8789725 -0.0339113 -0.4756357
8137.400000 -5.8587108 1.0784433 26.1811466 0.0015281 0.8953805 -0.0243517 -0.4446329
8137.533333 -5.9006648 1.0731026 26.1495972 0.0080483 0.9099097 -0.0216892 -0.4141608
8137.666667 -5.9399133 1.0782262 26.1125050 0.0000433 0.9232289 -0.0287590 -0.3831728
8137.800000 -5.9766541 1.0707928 26.0723019 0.0012735 0.9402873 -0.0309627 -0.3389684
8137.933333 -6.0063028 1.0573735 26.0321999 0.0064737 0.9578562 -0.0284895 -0.2857585
8138.033333 -6.0225649 1.0576125 25.9957504 0.0073226 0.9701243 -0.0228306 -0.2414207
8138.133333 -6.0366411 1.0565845 25.9626160 -0.0002136 0.9731696 -0.0224759 -0.2289885
8138.266667 -6.0529666 1.0562314 25.9044914 -0.0064002 0.9740608 -0.0224053 -0.2250833
8138.366667 -6.0658450 1.0379455 25.8733730 -0.0026239 0.9785519 -0.0134581 -0.2055434
8138.533333 -6.0812001 1.0344670 25.8111229 -0.0046256 0.9806787 -0.0199249 -0.1945529
8138.633333 -6.0891643 1.0377715 25.7737617 -0.0064456 0.9851466 -0.0305006 -0.1688617
8138.733333 -6.0952621 1.0372401 25.7315788 -0.0047636 0.9900818 -0.0398057 -0.1346510
8138.833333 -6.0988798 1.0298028 25.6920166 0.0013393 0.9965550 -0.0414550 -0.0718177
8138.933333 -6.1036401 1.0191504 25.6561375 0.0066958 0.9984160 -0.0362819 -0.0424761
8139.066667 -6.1042523 1.0211138 25.6027241 0.0032090 0.9992804 -0.0375663 -0.0041446
8139.200000 -6.1092882 1.0218302 25.5522709 -0.0030841 0.9989723 -0.0452042 0.0011981
8139.300000 -6.1069512 1.0172403 25.5059967 -0.0070864 0.9990332 -0.0423946 -0.0092240
8139.400000 -6.1107359 1.0058481 25.4668636 -0.0070616 0.9993498 -0.0340276 -0.0096014
8139.500000 -6.1140466 1.0037966 25.4274445 -0.0012365 0.9993427 -0.0351302 -0.0088599
8139.600000 -6.1164904 1.0093414 25.3870869 0.0037907 0.9988405 -0.0469417 -0.0099944
8139.700000 -6.1224761 1.0105975 25.3484650 0.0082736 0.9979478 -0.0634955 0.0003283
8139.800000 -6.1247110 1.0016143 25.3064384 0.0078160 0.9979602 -0.0627523 0.0087481
8139.900000 -6.1260805 0.9888983 25.2676182 0.0038335 0.9984505 -0.0526223 0.0176876
8140.000000 -6.1218996 0.9884459 25.2238674 0.0016623 0.9987290 -0.0429395 0.0263399
8140.133333 -6.1198659 0.9958598 25.1686611 0.0011083 0.9984191 -0.0438476 0.0351487
8140.233333 -6.1235757 0.9922616 25.1315289 0.0036009 0.9987289 -0.0429286 0.0261700
8140.333333 -6.1157012 0.9881288 25.0836544 0.0038085 0.9990764 -0.0378639 0.0199561
8140.433333 -6.1144118 0.9790472 25.0434132 0.0040510 0.9986973 -0.0323721 0.0392345
8140.566667 -6.1146932 0.9774287 24.9922581 0.0037695 0.9981518 -0.0343744 0.0499723
8140.666667 -6.1151528 0.9789550 24.9535599 -0.0011906 0.9981777 -0.0427359 0.0425858
8140.766667 -6.1114688 0.9766636 24.9111366 -0.0075328 0.9985102 -0.0454251 0.0292786
8140.866667 -6.1077008 0.9703170 24.8704090 -0.0107124 0.9984630 -0.0379639 0.0389302
8140.966667 -6.1027250 0.9644182 24.8304386 -0.0125813 0.9981295 -0.0263249 0.0537234
8141.066667 -6.0986667 0.9651509 24.7915649 -0.0153091 0.9981092 -0.0233033 0.0547781
8141.166667 -6.0920038 0.9710859 24.7515831 -0.0181501 0.9982917 -0.0286064 0.0476019
8141.266667 -6.0851998 0.9686452 24.7109184 -0.0185735 0.9981313 -0.0307542 0.0494288
8141.366667 -6.0810170 0.9579594 24.6726913 -0.0184496 0.9978918 -0.0255910 0.0567154
8141.466667 -6.0756049 0.9537840 24.6312141 -0.0151528 0.9981304 -0.0194687 0.0559200
8141.600000 -6.0721498 0.9540921 24.5799541 -0.0069160 0.9970477 -0.0236444 0.0727260
8141.700000 -6.0708394 0.9573995 24.5416126 -0.0015850 0.9963046 -0.0373480 0.0773296
8141.800000 -6.0708947 0.9539970 24.5042133 0.0050893 0.9958053 -0.0465337 0.0786166
8142.000000 -6.0671101 0.9402187 24.4289227 0.0096781 0.9961986 -0.0429846 0.0751466
8142.100000 -6.0615201 0.9425715 24.3860588 0.0067911 0.9967821 -0.0358251 0.0713857
8142.233333 -6.0555091 0.9453964 24.3320751 0.0074033 0.9972427 -0.0360095 0.0644628
8142.333333 -6.0507007 0.9387546 24.2911625 0.0086986 0.9967627 -0.0298287 0.0741534
8142.433333 -6.0482650 0.9322255 24.2495861 0.0100655 0.9980780 -0.0258076 0.0554338
8142.566667 -6.0442972 0.9312181 24.1970596 0.0110218 0.9977884 -0.0326426 0.0568453
8142.700000 -6.0421324 0.9343567 24.1444473 0.0096313 0.9969665 -0.0477997 0.0606652
8142.800000 -6.0361304 0.9285229 24.1019535 0.0046367 0.9962084 -0.0471137 0.0729906
8142.933333 -6.0322270 0.9155211 24.0518761 -0.0003353 0.9965147 -0.0413987 0.0724185
8143.033333 -6.0264430 0.9144591 24.0133057 -0.0056584 0.9961863 -0.0408328 0.0768998
8143.133333 -6.0209217 0.9188771 23.9736500 -0.0074873 0.9965082 -0.0516832 0.0651467
8143.233333 -6.0182943 0.9158410 23.9331379 -0.0030603 0.9970260 -0.0601102 0.0481297
8143.333333 -6.0107431 0.9086971 23.8885136 0.0001315 0.9974589 -0.0573288 0.0422972
8143.433333 -6.0066104 0.8997992 23.8462219 0.0006609 0.9979245 -0.0499449 0.0406413
8143.566667 -6.0002799 0.9025597 23.7885342 0.0047154 0.9981206 -0.0525388 0.0311885
8143.700000 -5.9962559 0.9058633 23.7322731 0.0099135 0.9977431 -0.0541960 0.0383838
8143.833333 -5.9939876 0.8953057 23.6815586 0.0052050 0.9976685 -0.0598313 0.0324143
8143.966667 -5.9817281 0.8908630 23.6213913 -0.0002104 0.9981567 -0.0525010 0.0304440
8144.133333 -5.9754214 0.9004807 23.5515671 -0.0065758 0.9982786 -0.0528380 0.0245936
8144.300000 -5.9690299 0.8995124 23.4771652 0.0011267 0.9987953 -0.0490571 0.0003143
8144.466667 -5.9636841 0.8879321 23.3963413 0.0001004 0.9994981 -0.0299100 -0.0104334
8144.633333 -5.9579945 0.8973910 23.3225403 0.0034540 0.9992424 -0.0381937 0.0066343
8144.766667 -5.9531956 0.8935789 23.2637234 0.0081048 0.9990408 -0.0417057 0.0106019
8144.900000 -5.9523911 0.8789593 23.2117043 0.0097479 0.9990836 -0.0348776 0.0228134
8145.033333 -5.9450121 0.8805115 23.1585941 0.0079196 0.9987255 -0.0364112 0.0340430
8145.166667 -5.9389477 0.8890272 23.1057949 0.0132710 0.9979295 -0.0555894 0.0295048
8145.333333 -5.9408984 0.8750328 23.0408154 0.0205231 0.9981947 -0.0558701 0.0080403
8145.500000 -5.9293318 0.8747962 22.9623299 0.0170687 0.9985755 -0.0501057 0.0067062
8145.633333 -5.9230695 0.8826396 22.9029350 0.0142097 0.9981060 -0.0572320 0.0175218
8145.800000 -5.9184761 0.8690861 22.8337708 0.0114711 0.9977582 -0.0537126 0.0382369
8145.966667 -5.9036331 0.8684576 22.7571545 0.0026169 0.9986585 -0.0385293 0.0344941
8146.133333 -5.8938847 0.8754914 22.6875801 -0.0012931 0.9981219 -0.0500499 0.0352983
8146.300000 -5.8912563 0.8630400 22.6181030 -0.0015851 0.9984201 -0.0526291 0.0196221
8146.433333 -5.8851171 0.8586307 22.5578537 -0.0034147 0.9990664 -0.0403159 0.0151437
8146.566667 -5.8811727 0.8676677 22.4981556 0.0023502 0.9988425 -0.0438182 0.0196985
8146.700000 -5.8766003 0.8629058 22.4364681 0.0104331 0.9987398 -0.0437390 0.0222921
8146.866667 -5.8677807 0.8452110 22.3694057 0.0057093 0.9990400 -0.0305128 0.0309099
8147.000000 -5.8560190 0.8501320 22.3170757 -0.0030909 0.9986565 -0.0375589 0.0355675
8147.166667 -5.8479619 0.8562534 22.2479095 0.0007578 0.9984952 -0.0476654 0.0271074
8147.333333 -5.8447585 0.8366339 22.1803818 0.0102791 0.9993588 -0.0317730 0.0129188
8147.466667 -5.8371639 0.8409292 22.1254253 0.0067241 0.9992709 -0.0360303 0.0106864
8147.633333 -5.8327398 0.8417031 22.0578861 0.0006379 0.9985291 -0.0521778 0.0147164
8148.133333 -5.7933621 0.8302790 21.8713303 -0.0294524 0.9960744 -0.0405693 0.0729548
8148.366667 -5.7852077 0.8073474 21.7769814 -0.0224050 0.9975530 -0.0394475 0.0531968
8148.600000 -5.7823267 0.8170471 21.6785603 0.0045987 0.9977672 -0.0447086 0.0494027
8148.866667 -5.7743845 0.7957481 21.5699940 0.0096365 0.9966768 -0.0428151 0.0686244
8149.166667 -5.7563720 0.8039989 21.4493141 -0.0029574 0.9967017 -0.0550733 0.0595303
8149.400000 -5.7495451 0.7846771 21.3507156 0.0000272 0.9981966 -0.0435058 0.0413613
8149.633333 -5.7406154 0.7943788 21.2510357 0.0066878 0.9974214 -0.0559558 0.0444373
8149.866667 -5.7277665 0.7757979 21.1532440 -0.0024644 0.9964859 -0.0479941 0.0686034
8150.033333 -5.7126994 0.7820152 21.0835953 -0.0159231 0.9959866 -0.0408545 0.0780256
8150.200000 -5.7037096 0.7822027 21.0157223 -0.0192926 0.9965563 -0.0517563 0.0618424
8150.400000 -5.6970978 0.7643046 20.9304962 -0.0147524 0.9973208 -0.0415645 0.0583612
8150.533333 -5.6949868 0.7698874 20.8731575 -0.0042456 0.9978265 -0.0450322 0.0479201
8150.700000 -5.6926804 0.7689646 20.8032894 0.0024809 0.9968668 -0.0595686 0.0519814
8151.600000 -5.6574998 0.7557305 20.4117184 0.0081566 0.9979885 -0.0474448 0.0412495
8151.866667 -5.6470876 0.7346599 20.2996750 -0.0005196 0.9971362 -0.0426153 0.0624735
8152.100000 -5.6337304 0.7438079 20.1983185 -0.0064620 0.9978701 -0.0428388 0.0487673
8152.566667 -5.6233473 0.7345650 19.9898319 0.0026669 0.9988167 -0.0432596 0.0220603
8152.800000 -5.6174402 0.7179358 19.8903065 0.0004083 0.9984928 -0.0334703 0.0434934
8153.400000 -5.5945454 0.7075002 19.6353130 -0.0018897 0.9991775 -0.0311019 0.0259533
8153.633333 -5.5903940 0.7101788 19.5337563 0.0045202 0.9987651 -0.0413182 0.0272132
8153.866667 -5.5764813 0.6978234 19.4335442 0.0003084 0.9984696 -0.0242252 0.0497146
8154.100000 -5.5668640 0.7064533 19.3386192 -0.0050509 0.9984791 -0.0339009 0.0431818
8154.333333 -5.5566115 0.6881674 19.2367516 -0.0000564 0.9994201 -0.0249478 0.0231733
8154.566667 -5.5484262 0.6957958 19.1375351 0.0040865 0.9988645 -0.0351387 0.0319118
8154.800000 -5.5304704 0.6795151 19.0345421 -0.0043874 0.9987909 -0.0197779 0.0447910
8155.033333 -5.5154009 0.6890749 18.9398232 -0.0117904 0.9981324 -0.0384881 0.0459500
8155.266667 -5.5091786 0.6689102 18.8497314 -0.0113378 0.9989478 -0.0432199 0.0103332
8155.500000 -5.5004125 0.6776317 18.7479305 -0.0055332 0.9989981 -0.0437391 0.0076819
8155.733333 -5.4919033 0.6599192 18.6511002 -0.0032490 0.9982595 -0.0383102 0.0447188
8155.966667 -5.4823351 0.6622776 18.5549564 -0.0020794 0.9988563 -0.0270635 0.0393622
8156.200000 -5.4716301 0.6516731 18.4567928 0.0041342 0.9990358 -0.0403239 0.0168633
8156.433333 -5.4623570 0.6530832 18.3533154 0.0093406 0.9995187 -0.0287956 0.0067752
8156.666667 -5.4570994 0.6423321 18.2588177 0.0145080 0.9987836 -0.0325512 0.0340769
8156.900000 -5.4369092 0.6423813 18.1599140 0.0007516 0.9989451 -0.0219595 0.0403237
8157.133333 -5.4294763 0.6398570 18.0590611 0.0122122 0.9986976 -0.0297111 0.0396392
8157.366667 -5.4237428 0.6303817 17.9606056 0.0115022 0.9995940 -0.0239871 0.0102073
8157.633333 -5.4135890 0.6273789 17.8445988 0.0172444 0.9988962 -0.0338676 0.0276044
8157.866667 -5.3935637 0.6218202 17.7420254 0.0106412 0.9991182 -0.0196434 0.0355490
8158.100000 -5.3860493 0.6216407 17.6475391 0.0133880 0.9991987 -0.0320123 0.0199458
8158.333333 -5.3785486 0.6085630 17.5534115 0.0041789 0.9993257 -0.0322892 -0.0169751
8158.600000 -5.3675299 0.6106170 17.4375973 -0.0044113 0.9988407 -0.0472781 -0.0079053
8158.866667 -5.3548427 0.6012413 17.3324451 -0.0150673 0.9983829 -0.0371462 0.0403066
8159.100000 -5.3543816 0.5986798 17.2372150 -0.0080254 0.9986160 -0.0459579 0.0242818
8159.333333 -5.3498645 0.5924372 17.1329231 -0.0040437 0.9994913 -0.0311797 0.0053417
8159.533333 -5.3471284 0.5988383 17.0432720 0.0038105 0.9988733 -0.0461878 0.0102163
8159.900000 -5.3352909 0.5843303 16.9024487 -0.0066762 0.9974319 -0.0327101 0.0633651
8160.133333 -5.3358607 0.5718489 16.8113174 -0.0025769 0.9982510 -0.0418598 0.0416657
8160.366667 -5.3295822 0.5747334 16.7087688 0.0037590 0.9988352 -0.0446328 0.0179450
8160.600000 -5.3312879 0.5644214 16.6103706 0.0117072 0.9976641 -0.0497584 0.0453140
8160.866667 -5.3168883 0.5652925 16.4975338 0.0000776 0.9981934 -0.0384895 0.0461359
8161.166667 -5.3093734 0.5518627 16.3663101 -0.0047154 0.9992557 -0.0363789 0.0119373
8161.400000 -5.3016200 0.5582407 16.2623978 0.0001924 0.9992366 -0.0338271 0.0195423
8161.600000 -5.2985930 0.5485884 16.1762791 0.0020401 0.9986284 -0.0416790 0.0316221
8161.833333 -5.2824020 0.5465101 16.0755672 -0.0123779 0.9984276 -0.0328370 0.0437134
8162.033333 -5.2767963 0.5475796 15.9929523 -0.0147795 0.9982612 -0.0438678 0.0364927
8162.366667 -5.2773657 0.5409713 15.8476486 0.0071292 0.9991971 -0.0337091 0.0204471
8162.600000 -5.2731781 0.5274615 15.7418976 0.0141938 0.9992261 -0.0189770 0.0313953
8162.800000 -5.2555609 0.5293316 15.6556263 0.0025896 0.9992324 -0.0165919 0.0353928
8163.033333 -5.2530565 0.5251753 15.5664282 0.0049694 0.9990067 -0.0381393 0.0225014
8163.266667 -5.2476711 0.5143529 15.4668541 0.0084087 0.9993471 -0.0348488 -0.0045008
8163.466667 -5.2418251 0.5204503 15.3738766 0.0062792 0.9989662 -0.0442496 -0.0083199
8163.633333 -5.2322054 0.5023987 15.3080177 -0.0001765 0.9994686 -0.0318776 0.0068038
8163.866667 -5.2160735 0.5127631 15.2107754 0.0015998 0.9990018 -0.0288972 0.0340260
8164.100000 -5.2133150 0.4960103 15.1154413 0.0090395 0.9996356 -0.0201328 0.0155412
8164.333333 -5.2043848 0.5023998 15.0075397 0.0130512 0.9996141 -0.0228725 -0.0088419
8164.566667 -5.2105894 0.4893365 14.9208841 0.0144919 0.9990297 -0.0409237 -0.0074086
8164.800000 -5.1912417 0.4910100 14.8138113 0.0006510 0.9989657 -0.0426468 -0.0157578
8165.033333 -5.1838026 0.4892972 14.7160006 -0.0060715 0.9986075 -0.0464811 -0.0241996
8165.266667 -5.1750607 0.4862357 14.6151257 -0.0052183 0.9989420 -0.0438970 -0.0126752
8165.566667 -5.1728358 0.4755234 14.4869251 -0.0000717 0.9991192 -0.0414999 0.0062060
8165.800000 -5.1643138 0.4755581 14.3904533 -0.0083600 0.9984013 -0.0433955 -0.0352372
8166.033333 -5.1588101 0.4683550 14.2960596 -0.0083444 0.9972362 -0.0536329 -0.0507327
8166.233333 -5.1527319 0.4673672 14.2096291 -0.0034603 0.9982616 -0.0520533 -0.0274271
8166.433333 -5.1489849 0.4693476 14.1232166 -0.0011452 0.9977749 -0.0666436 0.0015995
8166.700000 -5.1363072 0.4503004 14.0154667 -0.0154018 0.9982099 -0.0418934 0.0398088
8166.933333 -5.1354561 0.4488120 13.9286270 -0.0034917 0.9975122 -0.0649210 0.0272486
8167.266667 -5.1243124 0.4493986 13.7741194 0.0110339 0.9981139 -0.0455788 0.0396168
8167.500000 -5.1185889 0.4399803 13.6723442 0.0085946 0.9967514 -0.0395727 0.0696181
8167.733333 -5.1046500 0.4373745 13.5711651 -0.0043185 0.9974795 -0.0304620 0.0639380
8167.966667 -5.0965838 0.4378225 13.4686708 -0.0030230 0.9977722 -0.0440544 0.0500079
8168.200000 -5.0959263 0.4266600 13.3702688 0.0015977 0.9991454 -0.0325865 0.0253780
8168.433333 -5.0952492 0.4258878 13.2705517 0.0092473 0.9979864 -0.0493808 0.0387186
8168.666667 -5.0813823 0.4145327 13.1719160 -0.0020144 0.9958819 -0.0417507 0.0804491
8168.866667 -5.0771294 0.4212582 13.0903349 0.0067080 0.9951090 -0.0439466 0.0882146
8169.100000 -5.0785570 0.4037721 12.9842854 0.0116791 0.9991772 -0.0233776 0.0310164
8169.333333 -5.0745282 0.4191631 12.8761969 0.0188904 0.9989006 -0.0228774 0.0362954
8169.566667 -5.0714006 0.3968737 12.7760019 0.0164846 0.9992191 -0.0018689 0.0358597
8169.800000 -5.0547323 0.4048608 12.6804371 -0.0023643 0.9984148 -0.0089245 0.0555221
8170.033333 -5.0537333 0.3885185 12.5847683 -0.0041571 0.9995026 -0.0164603 0.0265779
8170.266667 -5.0493884 0.3975531 12.4829416 0.0039027 0.9997220 -0.0232134 -0.0013479
8170.600000 -5.0394402 0.3836838 12.3300257 0.0053819 0.9994577 -0.0101831 0.0308476
8170.866667 -5.0359273 0.3897468 12.2258625 0.0133229 0.9985908 -0.0281426 0.0429747
8171.100000 -5.0314665 0.3715375 12.1191263 0.0160196 0.9997603 -0.0146389 -0.0029202
8171.400000 -5.0271268 0.3766441 11.9907904 0.0149974 0.9989074 -0.0404740 0.0179116
8171.900000 -5.0019956 0.3679369 11.7873983 -0.0021882 0.9982063 -0.0313925 0.0509298
8172.333333 -5.0040016 0.3680191 11.5940819 0.0044949 0.9996154 -0.0232019 0.0145084
8172.566667 -5.0004044 0.3487103 11.4986534 0.0029758 0.9983896 -0.0138709 0.0549270
8172.833333 -4.9885893 0.3624018 11.3925886 -0.0052016 0.9975267 -0.0352411 0.0605931
8173.433333 -4.9880652 0.3518485 11.1414089 0.0064388 0.9985333 -0.0351838 0.0406427
8173.700000 -4.9805055 0.3385425 11.0331440 0.0087682 0.9977224 -0.0091015 0.0662586
8173.933333 -4.9683127 0.3465369 10.9340878 0.0101774 0.9972412 -0.0096388 0.0728935
8174.266667 -4.9623981 0.3360676 10.8034029 0.0080742 0.9992129 -0.0071500 0.0381738
8174.500000 -4.9616280 0.3277076 10.7133160 0.0126304 0.9980730 -0.0146831 0.0589508
8174.733333 -4.9452295 0.3225271 10.6248693 0.0034933 0.9966134 -0.0062594 0.0819165
8174.966667 -4.9380703 0.3268863 10.5368052 0.0076357 0.9963921 -0.0244661 0.0809073
8175.200000 -4.9359021 0.3103232 10.4488077 0.0014727 0.9993027 -0.0157327 0.0338283
8175.433333 -4.9338541 0.3202421 10.3578959 0.0065581 0.9984942 -0.0255075 0.0481218
8175.666667 -4.9291587 0.3028482 10.2701912 0.0040326 0.9968244 -0.0078403 0.0791417
8175.900000 -4.9216428 0.3164207 10.1804857 -0.0003434 0.9965510 -0.0131660 0.0819304
8176.133333 -4.9218621 0.3006275 10.0878868 0.0051121 0.9988264 0.0023008 0.0481074
8176.400000 -4.9191070 0.3073421 9.9873533 0.0211150 0.9987098 -0.0131583 0.0442689
8176.633333 -4.9101958 0.2941306 9.9003820 0.0158967 0.9975045 -0.0194376 0.0659864
8176.900000 -4.8932734 0.2995612 9.8071833 -0.0046511 0.9970061 -0.0291173 0.0714803
8177.166667 -4.8850136 0.2862067 9.7149258 -0.0030706 0.9977123 -0.0424230 0.0525452
8177.433333 -4.8766708 0.2917572 9.6166697 0.0052495 0.9972354 -0.0491799 0.0554553
8177.733333 -4.8670545 0.2758212 9.5082273 0.0168037 0.9944717 -0.0416210 0.0949284
8178.066667 -4.8452311 0.2858944 9.3907909 0.0211523 0.9944265 -0.0519137 0.0892937
8178.333333 -4.8361707 0.2710463 9.2928762 0.0215895 0.9980360 -0.0297608 0.0507194
8178.600000 -4.8240037 0.2749704 9.1934652 0.0177338 0.9972070 -0.0322254 0.0650010
8178.900000 -4.8062148 0.2631848 9.0996084 0.0098824 0.9935026 -0.0257719 0.1104122
8179.166667 -4.7887893 0.2670186 9.0145941 0.0019780 0.9951676 -0.0433200 0.0880959
8179.433333 -4.7681561 0.2628636 8.9213839 0.0050903 0.9967051 -0.0245724 0.0771309
8180.000000 -4.7324600 0.2560713 8.7530146 0.0114655 0.9905654 -0.0207562 0.1349736
8180.266667 -4.7122722 0.2617219 8.6749907 0.0137557 0.9933259 -0.0394636 0.1075035
8180.566667 -4.6843500 0.2560214 8.5877295 0.0093785 0.9927616 -0.0197300 0.1180983
8181.166667 -4.6340489 0.2515192 8.4492722 0.0017315 0.9811713 -0.0308933 0.1906450
8181.433333 -4.6170568 0.2585242 8.3947792 0.0096819 0.9876312 -0.0359612 0.1523078
8181.700000 -4.5952048 0.2537764 8.3324509 0.0093475 0.9898769 -0.0189821 0.1403425
8182.000000 -4.5832005 0.2551138 8.2774591 0.0145815 0.9852681 -0.0299744 0.1677371
8182.266667 -4.5668392 0.2517709 8.2393141 -0.0008612 0.9865849 -0.0132756 0.1627062
8199.000000 -4.5229964 0.2569305 8.1113939 0.0119765 0.9911205 -0.0068991 0.1322464
8199.366667 -4.5197473 0.2561410 8.0836039 0.0022482 0.9894975 0.0000302 0.1445321
8199.733333 -4.5074029 0.2588533 8.0520077 0.0054859 0.9893022 0.0115962 0.1453156
8207.700000 -4.4097700 0.2254071 7.4335394 0.0076153 0.9986578 0.0022376 0.0511819
8211.133333 -4.4540663 0.2076570 7.2316370 -0.0065075 0.9886796 -0.0101276 0.1495581
8212.300000 -4.4413414 0.1905115 7.0597548 -0.0040068 0.9965609 -0.0061330 0.0825384
8212.666667 -4.4084201 0.1935931 6.9065299 0.0023012 0.9955685 -0.0164219 0.0925653
8212.933333 -4.3983250 0.1796608 6.8291483 0.0020022 0.9947392 -0.0096059 0.1019685
8213.466667 -4.3761382 0.1678507 6.6275878 0.0012356 0.9978452 -0.0025970 0.0655496
8214.166667 -4.3584790 0.1518979 6.3542404 -0.0031681 0.9974623 -0.0195877 0.0683755
8214.866667 -4.3348708 0.1324046 6.0504007 0.0096512 0.9974377 -0.0190899 0.0682676
8215.166667 -4.3186045 0.1414782 5.9435802 -0.0017708 0.9975535 -0.0285696 0.0637785
8215.700000 -4.3031383 0.1297768 5.7063661 0.0083016 0.9991995 -0.0391128 -0.0013273
8216.200000 -4.2642250 0.1269114 5.5014300 -0.0010384 0.9995316 -0.0229584 0.0202100
8216.433333 -4.2558255 0.1205118 5.3962598 0.0060920 0.9996228 -0.0217000 0.0156890
8216.666667 -4.2624030 0.1297291 5.3044524 0.0146047 0.9992272 -0.0348216 -0.0109115
8216.900000 -4.2491364 0.1216832 5.1948714 0.0041260 0.9999545 -0.0070976 0.0048614
8217.400000 -4.2421660 0.1195660 4.9927750 -0.0008737 0.9982362 -0.0128968 -0.0579439
8217.633333 -4.2457232 0.1371440 4.8974833 0.0031561 0.9990058 -0.0235265 -0.0377357
8217.833333 -4.2372646 0.1278445 4.8013697 -0.0020137 0.9998540 -0.0156727 -0.0065103
8218.033333 -4.2363892 0.1383097 4.7269001 -0.0076112 0.9999351 -0.0083034 0.0017096
8218.266667 -4.2412057 0.1389780 4.6268706 -0.0062369 0.9997505 -0.0049261 -0.0208762
8218.500000 -4.2344480 0.1496825 4.5179949 -0.0024939 0.9998341 -0.0024391 -0.0178797
8218.666667 -4.2284002 0.1590544 4.4495125 -0.0056029 0.9994237 -0.0265969 0.0203355
8218.833333 -4.2168975 0.1483763 4.3846154 -0.0158290 0.9965887 -0.0222653 0.0778761
8218.966667 -4.2023020 0.1530223 4.3322306 -0.0271842 0.9924901 -0.0171327 0.1180293
8219.100000 -4.1981726 0.1583045 4.2889309 -0.0337075 0.9882807 -0.0320597 0.1453870
8219.233333 -4.1821194 0.1548394 4.2358236 -0.0403100 0.9826707 -0.0305861 0.1783199
8219.433333 -4.1610465 0.1516591 4.1557827 -0.0274383 0.9777193 -0.0219510 0.2069547
8219.700000 -4.1242690 0.1608107 4.0639057 -0.0208682 0.9518294 -0.0371417 0.3036539
8219.833333 -4.0967093 0.1517874 4.0242586 -0.0216504 0.9259675 -0.0214544 0.3763711
8219.966667 -4.0701189 0.1502722 3.9898007 -0.0217209 0.9044759 -0.0096711 0.4258615
8220.133333 -4.0356827 0.1575705 3.9464669 -0.0173183 0.8957851 -0.0169927 0.4438247
8220.333333 -3.9839945 0.1462815 3.8980734 -0.0257481 0.8949494 -0.0115401 0.4452747
8220.566667 -3.9144664 0.1547427 3.8496258 -0.0215973 0.8723376 -0.0108526 0.4883062
8220.733333 -3.8601825 0.1527918 3.8202732 -0.0198413 0.8377892 -0.0115828 0.5455102
8220.900000 -3.8082454 0.1420182 3.8010833 -0.0210023 0.7865044 0.0050334 0.6172068
8221.266667 -3.6949973 0.1519101 3.7853696 -0.0159565 0.7535610 -0.0186276 0.6569203
8221.433333 -3.6312146 0.1386579 3.7718334 -0.0197175 0.7522562 -0.0103186 0.6584948
8221.600000 -3.5593283 0.1507026 3.7669375 -0.0073042 0.7336218 -0.0051956 0.6794988
8221.833333 -3.4726872 0.1469888 3.7545946 0.0003466 0.6955987 -0.0044506 0.7184168
8222.000000 -3.4061198 0.1420054 3.7611992 -0.0124144 0.6725053 0.0068130 0.7399568
8222.200000 -3.3415780 0.1436975 3.7571795 -0.0106241 0.6686935 0.0010824 0.7434615
8222.700000 -3.1479669 0.1393373 3.7737336 -0.0121740 0.6902696 -0.0059851 0.7234250
8223.066667 -3.0004482 0.1293296 3.7861502 -0.0040367 0.6537647 0.0052651 0.7566689
8223.266667 -2.9370580 0.1346654 3.7836213 -0.0025293 0.6596324 -0.0049024 0.7515681
8223.700000 -2.7758439 0.1289002 3.8049283 -0.0073810 0.6740273 -0.0098120 0.7386044
8223.900000 -2.7239642 0.1351961 3.8118944 0.0029652 0.6570599 -0.0095164 0.7537725
8224.066667 -2.6816235 0.1249181 3.8288310 -0.0061566 0.6625234 0.0042493 0.7490038
8224.233333 -2.6457636 0.1234601 3.8454399 0.0068376 0.6790934 0.0001709 0.7340200
8224.766667 -2.4732690 0.1218991 3.8946297 0.0127575 0.7048194 -0.0087499 0.7092181
8224.933333 -2.4146891 0.1169190 3.9119220 0.0065751 0.7020273 -0.0137905 0.7119862
8225.100000 -2.3533447 0.1283389 3.9303038 0.0067612 0.6862653 -0.0198789 0.7270482
8225.266667 -2.2833591 0.1277004 3.9457557 0.0013398 0.6934561 -0.0135386 0.7203704
8225.433333 -2.2210348 0.1160723 3.9565744 0.0013009 0.7064512 -0.0122094 0.7076552
8225.800000 -2.0645604 0.1254220 3.9828579 0.0057635 0.6853270 -0.0143401 0.7280715
8225.966667 -1.9906609 0.1220112 4.0007672 -0.0052160 0.6662039 -0.0013469 0.7457502
8226.133333 -1.9269128 0.1321664 4.0066242 -0.0020961 0.6707594 -0.0045360 0.7416581
8226.566667 -1.7335327 0.1324301 4.0316682 -0.0175809 0.6871653 -0.0002642 0.7262883
8226.766667 -1.6507783 0.1358381 4.0370669 -0.0017290 0.6699865 -0.0106809 0.7422944
8227.000000 -1.5603822 0.1282446 4.0494080 -0.0047960 0.6632690 -0.0101483 0.7482969
8227.200000 -1.4908087 0.1387571 4.0536051 0.0050569 0.6661005 -0.0251365 0.7454212
8227.400000 -1.4058337 0.1283690 4.0648117 -0.0051069 0.6850641 -0.0227423 0.7281098
8227.633333 -1.3141358 0.1416572 4.0733681 0.0097556 0.6787718 -0.0259010 0.7338275
8228.033333 -1.1562456 0.1420969 4.1043539 0.0067188 0.6210058 -0.0238856 0.7834131
8228.233333 -1.0799319 0.1505266 4.1125970 0.0099313 0.6143010 -0.0259435 0.7885826
8228.433333 -1.0023706 0.1394394 4.1332469 -0.0048534 0.6013185 -0.0162673 0.7988291
8228.633333 -0.9263223 0.1573820 4.1648254 0.0003288 0.5390313 -0.0170835 0.8421124
8228.866667 -0.8487228 0.1526650 4.2001362 -0.0031677 0.4476578 -0.0229153 0.8939057
8229.066667 -0.7916982 0.1471460 4.2377367 -0.0126932 0.3396128 -0.0123275 0.9403989
8229.300000 -0.7372288 0.1558618 4.2926693 -0.0061299 0.2836999 -0.0196498 0.9586922
8229.533333 -0.6918870 0.1472651 4.3548641 -0.0069430 0.2225301 -0.0211849 0.9746709
8229.733333 -0.6609066 0.1564807 4.4124136 0.0064740 0.1536881 -0.0198392 0.9878990
8229.966667 -0.6312544 0.1523085 4.4941306 -0.0005253 0.0381954 -0.0032763 0.9992648
8230.200000 -0.6167281 0.1621950 4.5767460 -0.0038860 -0.0079765 -0.0000058 0.9999606
8230.433333 -0.6088874 0.1609431 4.6757274 -0.0027757 0.0170820 -0.0171324 0.9997035
8230.733333 -0.6036506 0.1756810 4.8252907 -0.0043824 0.0146872 -0.0117346 0.9998137
8230.966667 -0.6088262 0.1620155 4.9378328 -0.0151506 -0.0363957 -0.0059943 0.9992046
8231.200000 -0.6219949 0.1655696 5.0290570 -0.0218138 -0.0878570 -0.0000836 0.9958942
8231.433333 -0.6328574 0.1507408 5.1350069 -0.0146582 -0.0552613 -0.0115690 0.9982973
8231.666667 -0.6492090 0.1612924 5.2458515 -0.0029463 -0.0528077 -0.0198839 0.9984024
8232.100000 -0.6643605 0.1468770 5.4356246 -0.0010557 -0.0701495 -0.0119842 0.9974639
8232.366667 -0.6724818 0.1311799 5.5448942 0.0084088 -0.0504352 -0.0072684 0.9986655
8232.600000 -0.6859795 0.1439417 5.6718807 0.0050795 -0.0598896 0.0005758 0.9981919
8234.166667 -0.7321243 0.1452409 6.3530002 0.0019660 -0.0429596 0.0040668 0.9990666
8234.633333 -0.7568057 0.1646232 6.6029086 -0.0061515 -0.0168789 0.0224564 0.9995864
8235.133333 -0.7511736 0.1631501 6.7919126 0.0033367 -0.0077832 0.0201728 0.9997607
8235.433333 -0.7595689 0.1720996 6.9452162 0.0044220 0.0201099 0.0162014 0.9996567
8237.100000 -0.8075672 0.2411716 7.6864347 -0.0005759 -0.0763670 0.0021927 0.9970772
8237.700000 -0.8267543 0.2535553 7.9639697 0.0045324 -0.0420621 0.0187754 0.9989282
8238.066667 -0.8506277 0.2666113 8.1327486 0.0238983 -0.0227977 0.0044579 0.9994445
8238.333333 -0.8628691 0.2483228 8.2669086 -0.0028455 -0.0351452 0.0046931 0.9993671
8238.633333 -0.8727880 0.2583399 8.4116106 -0.0033674 -0.0496740 0.0222335 0.9985123
8238.866667 -0.8929791 0.2564916 8.5174265 -0.0166065 -0.0371890 0.0127528 0.9990888
8239.133333 -0.9011618 0.2535037 8.6221676 0.0030046 -0.0230234 0.0071260 0.9997050
8239.366667 -0.9183571 0.2591401 8.7335510 0.0143066 -0.0108773 0.0014809 0.9998373
8239.600000 -0.9227033 0.2615994 8.8456850 0.0146382 -0.0448868 0.0071030 0.9988595
8239.900000 -0.9357956 0.2677452 8.9795914 -0.0092209 -0.0681301 -0.0021588 0.9976315
8240.200000 -0.9459589 0.2640987 9.1163225 -0.0132407 -0.0478545 -0.0149569 0.9986545
8240.466667 -0.9487200 0.2817072 9.2394314 -0.0036809 -0.0549419 -0.0032972 0.9984773
8240.933333 -0.9675649 0.2838368 9.4287386 0.0022455 -0.0869643 0.0008027 0.9962086
8241.433333 -0.9857183 0.2926443 9.6427956 0.0106544 -0.0500096 -0.0100060 0.9986418
8241.833333 -1.0041295 0.2995985 9.8273163 -0.0121246 -0.0622160 -0.0017748 0.9979875
8242.133333 -1.0048418 0.2995891 9.9551811 -0.0092267 -0.0360816 0.0076075 0.9992773
8242.366667 -1.0155723 0.3167662 10.0624847 -0.0058945 -0.0056642 -0.0021746 0.9999642
8242.600000 -1.0212841 0.3138025 10.1649485 -0.0167776 -0.0655715 0.0108670 0.9976476
8242.866667 -1.0358137 0.3251751 10.2752810 -0.0112981 -0.0748906 0.0044972 0.9971176
8243.133333 -1.0415316 0.3184880 10.3921289 -0.0035047 -0.0415083 0.0050648 0.9991192
8243.466667 -1.0473857 0.3423077 10.5454273 0.0034839 -0.0324157 0.0135268 0.9993769
8243.733333 -1.0579667 0.3372470 10.6640711 -0.0247724 -0.0608129 0.0130936 0.9977558
8243.966667 -1.0659760 0.3490381 10.7605486 -0.0106416 -0.0546928 0.0086602 0.9984090
8244.200000 -1.0682321 0.3409906 10.8653631 -0.0155007 -0.0242170 0.0091609 0.9995446
8244.433333 -1.0682063 0.3610111 10.9706173 -0.0050910 -0.0135132 0.0066891 0.9998734
8244.666667 -1.0795801 0.3564138 11.0788612 -0.0272459 -0.0431996 -0.0017278 0.9986934
8244.900000 -1.0821613 0.3710903 11.1738672 -0.0199964 -0.0580161 -0.0079348 0.9980838
8245.133333 -1.0905361 0.3652175 11.2897549 -0.0428708 -0.0455085 -0.0088660 0.9980043
8245.400000 -1.0892818 0.3844377 11.4051037 -0.0206803 -0.0689319 0.0041701 0.9973983
8245.666667 -1.0882491 0.3728627 11.5136194 -0.0260068 -0.0756688 0.0047385 0.9967826
8245.900000 -1.0917438 0.3858079 11.6078997 -0.0017239 -0.0477939 -0.0054351 0.9988410
8246.133333 -1.0906368 0.3802032 11.7113180 -0.0071477 -0.0308397 0.0011412 0.9994982
8246.400000 -1.0942189 0.3953708 11.8300371 0.0126485 -0.0292466 0.0045497 0.9994819
8247.133333 -1.1146970 0.3984981 12.1413279 -0.0043284 -0.0253876 0.0018963 0.9996665
8247.366667 -1.1214210 0.4176598 12.2457027 0.0059840 -0.0319769 0.0103534 0.9994171
8247.600000 -1.1355938 0.4075142 12.3445683 -0.0087517 -0.0823676 0.0053558 0.9965492
8247.833333 -1.1456445 0.4219468 12.4342241 0.0082227 -0.0901531 -0.0005063 0.9958938
8248.100000 -1.1563814 0.4109454 12.5399122 -0.0051349 -0.0546369 -0.0043570 0.9984836
8248.366667 -1.1647457 0.4283357 12.6572533 0.0105432 -0.0171297 0.0009275 0.9997973
8248.766667 -1.1874423 0.4328891 12.8234301 0.0004944 -0.0667608 0.0005497 0.9977688
8249.200000 -1.2051314 0.4309385 13.0017586 0.0075298 -0.0376060 0.0024184 0.9992613
8249.466667 -1.2187601 0.4312008 13.1187878 0.0046055 -0.0744452 0.0046788 0.9972035
8249.733333 -1.2487967 0.4483156 13.2358770 -0.0074300 -0.1022937 -0.0069083 0.9947025
8250.000000 -1.2656192 0.4360168 13.3469782 0.0013895 -0.0874190 -0.0118901 0.9960997
8250.300000 -1.2711467 0.4483508 13.4696283 0.0167216 -0.0609976 0.0064167 0.9979772
8250.566667 -1.2917919 0.4420467 13.5995283 -0.0194475 -0.0767010 0.0034135 0.9968586
8250.800000 -1.3063112 0.4608496 13.6936331 -0.0113781 -0.0623778 -0.0027159 0.9979841
8251.066667 -1.3166455 0.4512378 13.8133459 -0.0249905 -0.0260972 0.0041429 0.9993384
8251.300000 -1.3282893 0.4652910 13.9144506 -0.0060229 -0.0461900 0.0103469 0.9988609
8251.533333 -1.3439130 0.4565071 14.0192251 -0.0249245 -0.0659469 0.0093350 0.9974681
8251.800000 -1.3645517 0.4734858 14.1215849 0.0065321 -0.0575124 0.0140227 0.9982249
8252.133333 -1.3816093 0.4724056 14.2634897 -0.0082295 -0.0521590 0.0214944 0.9983735
8252.366667 -1.3945895 0.4735909 14.3659916 -0.0053674 -0.0960691 0.0164410 0.9952244
8252.600000 -1.4107487 0.4742200 14.4638090 -0.0142259 -0.1138204 0.0048543 0.9933876
8252.966667 -1.4309230 0.4763106 14.6192780 -0.0012806 -0.0479273 -0.0217133 0.9986140
8253.200000 -1.4381837 0.4951835 14.7305021 0.0017944 -0.0490883 -0.0031505 0.9987878
8253.466667 -1.4470129 0.4845135 14.8479414 -0.0117071 -0.0721685 0.0031958 0.9973186
8253.733333 -1.4546455 0.4962020 14.9462719 0.0204141 -0.0529080 0.0037676 0.9983836
8254.000000 -1.4593942 0.4855720 15.0618057 0.0224339 -0.0180304 0.0113155 0.9995216
8254.266667 -1.4736625 0.5080830 15.1829376 0.0332840 -0.0326504 0.0140982 0.9988129
8254.500000 -1.4834965 0.4966829 15.2841177 -0.0034023 -0.0576533 0.0161144 0.9982008
8254.766667 -1.5029702 0.5103484 15.3901587 0.0148648 -0.0637232 0.0020737 0.9978547
8255.000000 -1.5119450 0.5050867 15.4925594 -0.0049287 -0.0376496 -0.0040866 0.9992705
8255.266667 -1.5192224 0.5187795 15.6092968 0.0064812 -0.0577433 -0.0019576 0.9983085
8255.533333 -1.5268438 0.5128140 15.7152042 0.0042479 -0.0656014 -0.0046049 0.9978262
8255.766667 -1.5316960 0.5280120 15.8128872 0.0167173 -0.0514303 0.0038637 0.9985292
8256.000000 -1.5290943 0.5244007 15.9199419 -0.0022860 -0.0232825 0.0205355 0.9995154
8256.266667 -1.5345775 0.5331842 16.0367603 0.0002522 -0.0366024 0.0167387 0.9991897
8256.500000 -1.5464177 0.5285092 16.1372261 -0.0093679 -0.0694376 0.0035412 0.9975360
8256.766667 -1.5592148 0.5455225 16.2500324 -0.0076831 -0.0451122 -0.0106423 0.9988957
8257.000000 -1.5592644 0.5387325 16.3493938 -0.0164879 -0.0469097 0.0036105 0.9987565
8257.266667 -1.5663241 0.5539414 16.4642925 0.0019308 -0.0666018 0.0073286 0.9977508
8257.500000 -1.5805110 0.5492178 16.5618076 -0.0243399 -0.0898408 0.0051407 0.9956454
8257.733333 -1.5950119 0.5647699 16.6605530 -0.0202165 -0.0973630 -0.0013058 0.9950427
8257.966667 -1.6066822 0.5579138 16.7605381 -0.0348570 -0.0647700 -0.0054059 0.9972766
8258.233333 -1.6192268 0.5759519 16.8750095 -0.0137358 -0.0670182 -0.0106476 0.9976004
8258.500000 -1.6361394 0.5695773 16.9893837 -0.0254174 -0.1118722 -0.0054172 0.9933827
8258.733333 -1.6451753 0.5788944 17.0836029 -0.0093867 -0.1005072 0.0005142 0.9948919
8258.966667 -1.6552230 0.5745590 17.1917973 -0.0311932 -0.0900393 0.0088182 0.9954105
8259.233333 -1.6696098 0.5928796 17.3080387 -0.0040393 -0.0849259 0.0113118 0.9963148
8259.466667 -1.6817768 0.5857341 17.4065685 -0.0110160 -0.1245554 0.0185490 0.9919780
8259.700000 -1.6901273 0.5999662 17.4994678 0.0073327 -0.0718746 0.0127785 0.9973049
8259.966667 -1.7052089 0.5987498 17.6155663 -0.0061240 -0.0535394 0.0048066 0.9985354
8260.233333 -1.7135408 0.6111979 17.7347736 0.0028372 -0.0766743 0.0195350 0.9968607
8260.466667 -1.7233042 0.6109110 17.8339520 -0.0200187 -0.0942537 0.0211186 0.9951228
8260.733333 -1.7333080 0.6182916 17.9497509 -0.0101562 -0.0703407 0.0187882 0.9972943
8260.966667 -1.7424085 0.6219628 18.0565681 -0.0220905 -0.0654609 0.0198755 0.9974126
8261.266667 -1.7538613 0.6228862 18.1878262 -0.0184025 -0.1015231 0.0103725 0.9946089
8261.566667 -1.7744213 0.6419060 18.3175869 -0.0142164 -0.0813976 -0.0103950 0.9965261
8261.800000 -1.7888780 0.6339045 18.4266586 -0.0388053 -0.0743043 -0.0066573 0.9964581
8262.033333 -1.7985141 0.6511384 18.5214348 -0.0095926 -0.0734094 -0.0032289 0.9972505
8262.466667 -1.8264574 0.6536421 18.7022266 -0.0219698 -0.1200041 -0.0111401 0.9924678
8262.700000 -1.8379276 0.6515707 18.7999306 -0.0133909 -0.0863545 -0.0088445 0.9961352
8262.933333 -1.8410621 0.6595570 18.8986740 -0.0143351 -0.0700441 0.0033828 0.9974352
8263.200000 -1.8455592 0.6613219 19.0208435 -0.0215764 -0.1041023 0.0242162 0.9940376
8263.466667 -1.8669409 0.6740607 19.1351280 -0.0215372 -0.0985288 0.0123112 0.9948250
8263.700000 -1.8742880 0.6688675 19.2297974 -0.0155622 -0.0722271 -0.0038976 0.9972592
8264.000000 -1.8867161 0.6906404 19.3662682 -0.0114786 -0.0440638 0.0020584 0.9989607
8264.266667 -1.9003009 0.6825069 19.4855671 -0.0260882 -0.0728771 -0.0005132 0.9969995
8264.733333 -1.9117198 0.6859464 19.6852341 -0.0183081 -0.0720996 -0.0038933 0.9972218
8264.966667 -1.9225318 0.7098368 19.7914295 -0.0053730 -0.0574844 0.0016159 0.9983307
8265.233333 -1.9320232 0.7010373 19.9103718 -0.0155630 -0.0628513 0.0080698 0.9978690
8265.500000 -1.9416089 0.7190758 20.0194569 -0.0003096 -0.0643490 0.0045000 0.9979173
8265.733333 -1.9518805 0.7121344 20.1287842 -0.0169387 -0.0392049 -0.0012006 0.9990869
8265.966667 -1.9647286 0.7362646 20.2381458 -0.0064943 -0.0429926 0.0072854 0.9990277
8266.300000 -1.9756490 0.7291176 20.3792114 -0.0212440 -0.0653580 0.0108542 0.9975767
8266.566667 -1.9885911 0.7387336 20.4908504 -0.0038679 -0.0727809 -0.0025298 0.9973372
