0.000000 0.0000151 -0.0000062 0.0000078 -0.0000090 -0.0000144 -0.0000002 1.0000000
4.400000 0.0059144 0.0084376 0.0265370 -0.0165416 0.0162035 -0.0021230 0.9997296
4.433333 0.0059352 0.0097564 0.0272289 -0.0162856 0.0161940 -0.0021873 0.9997339
7.500000 0.0150272 0.0068046 0.0414701 -0.0255124 0.0504990 -0.0110422 0.9983371
8.433333 0.0186028 0.0088159 0.0745378 -0.0199210 0.0583949 -0.0034326 0.9980889
8.500000 0.0234398 0.0105598 0.0879511 -0.0200937 0.0608664 -0.0021493 0.9979413
8.600000 0.0323991 0.0153733 0.1151898 -0.0222671 0.0735739 -0.0011656 0.9970405
8.700000 0.0369110 0.0221875 0.1493100 -0.0214993 0.0678833 -0.0004544 0.9974615
8.800000 0.0483523 0.0229360 0.1817862 -0.0138561 0.0634632 -0.0004051 0.9978879
9.066667 0.0829426 0.0110518 0.2906628 -0.0086928 0.0373230 0.0078984 0.9992342
9.200000 0.0989691 0.0036949 0.3428648 -0.0167578 0.0367903 0.0082856 0.9991481
9.333333 0.1012999 0.0178085 0.4140989 -0.0192654 0.0349478 0.0039450 0.9991956
9.500000 0.1072328 0.0238288 0.5049238 -0.0164640 0.0356639 0.0036979 0.9992214
9.666667 0.1181629 0.0174792 0.5975538 -0.0176964 0.0435824 0.0044555 0.9988832
9.833333 0.1362237 0.0230092 0.7025366 -0.0366943 0.0416297 0.0152325 0.9983429
10.166667 0.1801040 0.0326223 0.8875033 -0.0116049 0.0207102 0.0095013 0.9996730
11.033333 0.2499471 0.0580514 1.4225808 0.0053029 0.0437789 0.0102867 0.9989742
11.233333 0.2640180 0.0551078 1.5489405 0.0242021 0.0090953 0.0049429 0.9996535
11.633333 0.2915922 0.0689654 1.8029824 0.0253768 0.0169913 0.0031481 0.9995286
11.833333 0.3003687 0.0679996 1.9490327 0.0146181 0.0375374 0.0005210 0.9991882
12.033333 0.3232746 0.0847457 2.0863571 0.0016022 0.0355126 0.0116036 0.9993006
12.233333 0.3393193 0.0836692 2.2277365 0.0017007 0.0141822 0.0080309 0.9998657
15.600000 0.4228975 0.1848466 4.6277299 -0.0129328 0.0150702 0.0085794 0.9997660
16.533333 0.4345893 0.1921120 5.2698607 0.0136704 0.0072254 -0.0048820 0.9998685
17.000000 0.4385290 0.2017247 5.5792799 0.0055081 0.0190884 -0.0084404 0.9997670
17.233333 0.4507106 0.2247621 5.7457314 0.0100857 0.0139353 -0.0058463 0.9998350
17.700000 0.4513761 0.2477614 6.0828190 0.0005818 0.0130081 -0.0112734 0.9998516
18.633333 0.4782935 0.2717782 6.7477489 -0.0107760 -0.0059477 0.0005209 0.9999241
18.866667 0.4942707 0.2647446 6.9048567 -0.0165753 0.0022287 0.0019565 0.9998582
19.100000 0.5010765 0.2788359 7.0620060 -0.0079410 -0.0143489 0.0086784 0.9998279
19.566667 0.5273128 0.2858051 7.3793302 -0.0115928 -0.0082974 0.0045598 0.9998880
19.966667 0.5393447 0.2966032 7.6574221 -0.0051903 0.0255383 0.0028525 0.9996563
20.133333 0.5507684 0.3134097 7.7679133 0.0019273 0.0446546 0.0079121 0.9989693
20.466667 0.5733569 0.3043950 7.9781995 0.0046044 0.0363596 0.0079080 0.9992968
20.933333 0.5760952 0.3381687 8.3097115 0.0012694 0.0267406 0.0019380 0.9996397
21.266667 0.5797275 0.3545701 8.5312958 0.0051378 -0.0014073 0.0102062 0.9999337
21.433333 0.5831194 0.3435421 8.6403494 0.0074198 0.0092776 0.0100547 0.9998789
21.600000 0.5814683 0.3446570 8.7444763 0.0001353 0.0167952 0.0097780 0.9998111
21.766667 0.5828317 0.3609564 8.8419313 0.0087589 0.0295172 0.0138062 0.9994305
21.933333 0.5834197 0.3586209 8.9414253 0.0113831 0.0503905 0.0139560 0.9985672
22.100000 0.5886187 0.3599405 9.0397367 0.0109795 0.0460990 0.0155771 0.9987550
22.466667 0.6009365 0.3762586 9.2696419 0.0115106 0.0184869 0.0017494 0.9997613
22.633333 0.5991784 0.3790815 9.3692312 0.0005046 0.0104468 0.0006960 0.9999450
22.800000 0.5921539 0.3939351 9.4673176 0.0013337 0.0039230 0.0057317 0.9999750
23.133333 0.5666106 0.3735029 9.6815853 -0.0075452 0.0440046 0.0128262 0.9989205
23.300000 0.5395977 0.3869020 9.7965736 -0.0112449 0.0343247 -0.0003923 0.9993474
23.600000 0.5257187 0.3751998 9.9820375 -0.0086459 0.0204210 -0.0050146 0.9997415
23.766667 0.5176985 0.3875757 10.0875330 -0.0128849 0.0210624 -0.0009413 0.9996947
23.933333 0.5022510 0.4013244 10.2053308 -0.0165321 0.0105127 0.0092306 0.9997655
24.100000 0.5013527 0.3848730 10.3006945 -0.0222148 0.0345752 0.0073742 0.9991280
24.266667 0.4951487 0.3930000 10.4064074 -0.0250994 0.0515132 0.0063755 0.9983365
24.400000 0.4892044 0.4022649 10.4947882 -0.0187804 0.0392864 0.0048830 0.9990395
24.566667 0.4904889 0.3909364 10.5905275 0.0000374 0.0437328 -0.0033741 0.9990376
24.900000 0.4857725 0.4099399 10.8022423 0.0050060 0.0261310 -0.0039829 0.9996381
25.066667 0.4914591 0.4009955 10.9069986 0.0138083 0.0321999 -0.0044300 0.9993762
25.233333 0.4873019 0.4090828 11.0244102 0.0105272 0.0171434 -0.0026717 0.9997941
25.400000 0.5078075 0.4226555 11.1288691 0.0109037 -0.0017585 0.0059563 0.9999213
25.566667 0.5216917 0.4166945 11.2400780 0.0052931 -0.0040232 -0.0008399 0.9999775
25.733333 0.5047283 0.4336809 11.3639250 -0.0005593 0.0091457 -0.0129506 0.9998742
25.900000 0.5102681 0.4442925 11.4634876 0.0045596 -0.0029214 -0.0134315 0.9998952
26.066667 0.4990235 0.4532737 11.5764351 0.0052311 -0.0101194 -0.0119054 0.9998642
26.266667 0.4994918 0.4544304 11.7128582 -0.0017540 0.0097641 -0.0045434 0.9999405
26.433333 0.5094188 0.4730366 11.8177881 0.0031750 -0.0214784 -0.0002612 0.9997642
26.600000 0.5261803 0.4644898 11.9162140 0.0064053 -0.0254280 -0.0030550 0.9996515
26.800000 0.5247105 0.4751275 12.0518961 -0.0172815 -0.0095763 -0.0107626 0.9997469
27.000000 0.5254914 0.4949564 12.1848230 -0.0083060 -0.0001669 -0.0099970 0.9999155
27.166667 0.5280403 0.4807155 12.2894478 0.0042614 0.0136430 -0.0166696 0.9997589
27.333333 0.5368699 0.4855959 12.4001541 0.0055318 0.0137154 -0.0044402 0.9998808
27.533333 0.5541905 0.5012681 12.5351171 0.0165129 0.0139141 0.0030216 0.9997622
27.700000 0.5655797 0.4892558 12.6446810 0.0066251 0.0097463 -0.0001436 0.9999306
27.866667 0.5605212 0.5070930 12.7668486 0.0019987 0.0240077 -0.0072512 0.9996835
28.033333 0.5636777 0.5242739 12.8796501 0.0052915 0.0241513 -0.0071738 0.9996686
28.200000 0.5608529 0.5147729 13.0105324 -0.0025945 0.0361642 -0.0136809 0.9992489
28.433333 0.5778966 0.5298771 13.1796551 -0.0026170 0.0157417 0.0152222 0.9997568
28.566667 0.5899277 0.5356445 13.2834396 -0.0061263 0.0039776 0.0203048 0.9997672
28.700000 0.6004702 0.5266217 13.3778143 -0.0168607 -0.0011563 0.0177935 0.9996988
28.833333 0.6055757 0.5292920 13.4714279 -0.0216401 0.0058162 0.0109050 0.9996895
28.966667 0.6077023 0.5495106 13.5646324 -0.0074330 0.0136054 0.0057497 0.9998633
29.100000 0.6131518 0.5498666 13.6571884 0.0019447 0.0254848 0.0001671 0.9996733
29.200000 0.6163486 0.5442802 13.7359962 -0.0072085 0.0274385 -0.0017178 0.9995960
31.400000 0.6699796 0.6509433 15.3724880 -0.0190958 -0.0093275 0.0221116 0.9995296
32.300000 0.6469822 0.6805573 16.0693741 -0.0263073 -0.0034182 0.0219668 0.9994067
33.666667 0.5997780 0.7113536 17.0915871 0.0031321 0.0040392 0.0130483 0.9999018
33.833333 0.5910924 0.7286214 17.2204933 -0.0127838 -0.0001559 0.0164131 0.9997836
34.033333 0.5713279 0.7402716 17.3735199 -0.0055853 0.0057488 0.0138228 0.9998723
34.200000 0.5649095 0.7277399 17.4959354 -0.0133234 0.0194395 0.0162456 0.9995903
34.433333 0.5606149 0.7537441 17.6699047 -0.0103631 -0.0013146 0.0238224 0.9996616
34.600000 0.5596524 0.7547934 17.8003559 -0.0159852 -0.0081310 0.0246605 0.9995350
34.800000 0.5485265 0.7529594 17.9475384 -0.0263794 -0.0099755 0.0143559 0.9994991
35.000000 0.5468950 0.7786781 18.0914001 -0.0148895 -0.0145009 0.0108718 0.9997249
35.166667 0.5416828 0.7722539 18.2212162 -0.0226326 0.0025548 0.0048080 0.9997290
35.766667 0.5564422 0.7846978 18.6500435 -0.0140570 -0.0221619 0.0140163 0.9995573
35.966667 0.5534949 0.8178825 18.7948132 0.0011158 -0.0164085 0.0122067 0.9997903
36.333333 0.5579485 0.8182918 19.0732002 -0.0161618 -0.0090202 0.0148316 0.9997187
36.566667 0.5760817 0.8338490 19.2503853 -0.0108788 -0.0139272 0.0188790 0.9996656
38.100000 0.6525864 0.9063872 20.3878498 -0.0199030 0.0201632 0.0085217 0.9995623
39.866667 0.7518777 1.0079110 21.7324543 -0.0233124 0.0034464 0.0152585 0.9996058
40.033333 0.7593636 1.0210468 21.8554897 -0.0176404 0.0170201 0.0099852 0.9996496
40.233333 0.7722933 1.0110503 22.0073471 -0.0249552 0.0352098 0.0071886 0.9990425
40.433333 0.7969063 1.0361565 22.1495571 -0.0109617 0.0228523 0.0205054 0.9994684
40.633333 0.8116314 1.0266138 22.2982903 -0.0199344 0.0215482 0.0181583 0.9994041
40.966667 0.8198644 1.0518675 22.5358982 -0.0195489 -0.0088062 0.0124910 0.9996921
41.133333 0.8298464 1.0372663 22.6576233 -0.0193862 0.0072655 0.0137866 0.9996906
41.500000 0.8684568 1.0640279 22.9270763 -0.0152177 -0.0010758 0.0255039 0.9995583
41.666667 0.8831906 1.0492196 23.0493259 -0.0171015 0.0073429 0.0261042 0.9994860
41.866667 0.8938537 1.0633944 23.1837502 -0.0130085 0.0115149 0.0210018 0.9996285
42.033333 0.9060069 1.0814232 23.2986526 -0.0029306 0.0129133 0.0216763 0.9996774
42.200000 0.9161689 1.0710651 23.4231377 -0.0102717 0.0272882 0.0157209 0.9994512
42.400000 0.9395691 1.0925230 23.5659943 -0.0145006 0.0215366 0.0270537 0.9992967
42.600000 0.9617295 1.1023839 23.7146740 -0.0077634 0.0256682 0.0297726 0.9991969
42.800000 0.9742129 1.0952625 23.8569336 -0.0135113 0.0138687 0.0255628 0.9994857
43.200000 0.9918792 1.1210158 24.1495304 -0.0042529 0.0439794 0.0101274 0.9989721
43.400000 1.0036510 1.1446582 24.2971001 -0.0054536 0.0229208 0.0185408 0.9995505
43.533333 1.0263479 1.1592444 24.3932686 -0.0029062 0.0169203 0.0226214 0.9995967
43.733333 1.0468807 1.1506039 24.5453663 -0.0158868 0.0055774 0.0302906 0.9993993
43.966667 1.0548682 1.1819193 24.7159309 -0.0209221 0.0017746 0.0244299 0.9994810
44.166667 1.0732174 1.1833827 24.8522720 -0.0117481 0.0095938 0.0180954 0.9997212
44.366667 1.0826993 1.1868234 25.0012856 -0.0219156 0.0156516 0.0207600 0.9994217
44.533333 1.0953995 1.2100291 25.1089611 -0.0017288 -0.0053658 0.0202221 0.9997796
44.700000 1.1124281 1.2043195 25.2298374 -0.0073898 -0.0077428 0.0218966 0.9997029
44.933333 1.1153688 1.2169435 25.3912506 -0.0139461 -0.0203205 0.0139488 0.9995989
45.333333 1.1345311 1.2273680 25.6720924 -0.0165916 0.0002927 0.0092549 0.9998195
45.533333 1.1498208 1.2574421 25.8066082 -0.0032118 -0.0081133 0.0193205 0.9997753
45.733333 1.1611803 1.2590194 25.9529362 -0.0042077 -0.0165638 0.0189333 0.9996747
46.166667 1.1736190 1.2946683 26.2545815 -0.0110454 -0.0196158 0.0139940 0.9996486
46.366667 1.1908208 1.2821400 26.3867645 -0.0170998 -0.0010048 0.0078312 0.9998226
46.566667 1.2106987 1.3060528 26.5144100 -0.0053037 -0.0286834 0.0143434 0.9994715
46.766667 1.2226334 1.3036501 26.6418381 -0.0069179 -0.0357072 0.0090524 0.9992973
46.966667 1.2370648 1.3036389 26.7590103 -0.0129602 -0.0370693 0.0088113 0.9991898
47.200000 1.2431922 1.3262724 26.8988132 -0.0020591 -0.0074960 0.0024045 0.9999669
47.566667 1.2581885 1.3343259 27.1112843 0.0026312 0.0002228 0.0052849 0.9999825
47.766667 1.2742389 1.3498414 27.2347183 0.0105716 -0.0059757 0.0066168 0.9999044
47.966667 1.2758037 1.3453907 27.3555107 0.0022443 -0.0220107 0.0016135 0.9997539
48.166667 1.2702436 1.3749897 27.4845123 -0.0036683 -0.0480466 0.0049030 0.9988263
48.400000 1.2602310 1.3754047 27.6196384 -0.0073725 -0.0777255 0.0075156 0.9969192
48.633333 1.2475530 1.3818455 27.7498207 -0.0186792 -0.1233678 0.0145996 0.9920778
48.866667 1.2273045 1.3933756 27.8778687 -0.0149974 -0.2213124 0.0158234 0.9749593
49.100000 1.1886882 1.3904713 27.9891872 -0.0247583 -0.2943865 0.0182425 0.9551915
49.333333 1.1195951 1.4173756 28.0793629 -0.0117123 -0.3633860 0.0028110 0.9315608
49.566667 1.0436842 1.4123592 28.1616611 -0.0102640 -0.4355878 0.0022350 0.9000850
49.800000 0.9481096 1.4335415 28.2302380 -0.0049026 -0.5089621 0.0123303 0.8606867
50.033333 0.8440834 1.4351333 28.2874241 -0.0034858 -0.5830359 0.0266184 0.8120027
50.266667 0.7453012 1.4326385 28.3134537 -0.0048224 -0.6222184 0.0166345 0.7826521
50.633333 0.5635861 1.4424654 28.3568897 0.0012606 -0.6277654 0.0193041 0.7781622
50.900000 0.4260157 1.4519186 28.3757210 -0.0043845 -0.6559855 0.0226323 0.7544214
51.133333 0.2995099 1.4595953 28.3978004 -0.0064115 -0.6795018 0.0344807 0.7328351
51.366667 0.1798345 1.4526490 28.3934155 -0.0098179 -0.6882039 0.0239068 0.7250569
51.600000 0.0489753 1.4979556 28.3652363 0.0128551 -0.7246141 0.0390317 0.6879285
51.766667 -0.0495011 1.4878294 28.3493366 0.0162675 -0.7401443 0.0358865 0.6712927
51.966667 -0.1691769 1.4798188 28.3372078 0.0111424 -0.7483439 0.0350466 0.6622907
52.133333 -0.2689756 1.4820875 28.3341370 0.0187263 -0.7623083 0.0413707 0.6456190
52.333333 -0.3843173 1.4579879 28.3209305 0.0083365 -0.7692741 0.0309522 0.6381143
52.533333 -0.4989395 1.4621453 28.2925491 0.0000761 -0.7713858 0.0277562 0.6357621
52.733333 -0.6187016 1.4498880 28.2578373 0.0027857 -0.7641823 0.0225599 0.6445997
52.900000 -0.7305245 1.4310467 28.2393055 -0.0071068 -0.7564628 0.0153291 0.6538184
53.100000 -0.8641186 1.4409415 28.2263031 -0.0094380 -0.7546940 0.0226257 0.6556187
53.266667 -0.9902164 1.4226372 28.2256298 -0.0144851 -0.7576593 0.0257719 0.6519803
53.566667 -1.2095820 1.4138777 28.1983681 -0.0192117 -0.7690489 0.0165051 0.6386879
53.766667 -1.3507514 1.3969613 28.1781960 -0.0056203 -0.7657147 0.0165149 0.6429437
53.966667 -1.4985163 1.3739805 28.1717663 -0.0123714 -0.7526539 0.0171618 0.6580764
54.133333 -1.6180743 1.3848877 28.1709576 -0.0139746 -0.7551125 0.0315414 0.6546870
54.333333 -1.7722402 1.3649254 28.1640263 -0.0096989 -0.7702454 0.0348049 0.6367233
54.566667 -1.9440050 1.3627267 28.1446457 -0.0090368 -0.7687823 0.0218119 0.6390746
54.766667 -2.0929859 1.3615967 28.1225815 0.0016452 -0.7671269 0.0267554 0.6409351
55.000000 -2.2701375 1.3371959 28.1042728 0.0000306 -0.7648840 0.0216835 0.6438029
55.200000 -2.4232788 1.3486035 28.0962734 0.0028888 -0.7719868 0.0413613 0.6342848
55.433333 -2.5944242 1.3164350 28.0840740 -0.0020698 -0.7789961 0.0345789 0.6260712
55.666667 -2.7763388 1.3389986 28.0497952 0.0018541 -0.7771317 0.0357348 0.6283199
55.900000 -2.9569774 1.3150121 28.0197124 0.0075184 -0.7650310 0.0259770 0.6434254
56.133333 -3.1415365 1.3310312 27.9906635 0.0003869 -0.7845959 0.0404018 0.6186896
56.366667 -3.3174975 1.3113455 27.9653740 0.0062168 -0.7956316 0.0384514 0.6045272
56.600000 -3.4952061 1.3247021 27.9189453 0.0023738 -0.7987917 0.0221090 0.6011966
56.833333 -3.6612353 1.3195047 27.8875523 0.0077108 -0.7879829 0.0184735 0.6153715
57.066667 -3.8327284 1.3179592 27.8507652 0.0078432 -0.7876325 0.0319280 0.6152675
57.300000 -4.0072155 1.3262075 27.8349438 0.0045363 -0.8033971 0.0415502 0.5939748
57.533333 -4.1728344 1.3139696 27.7945843 -0.0043286 -0.8112339 0.0228219 0.5842601
57.766667 -4.3401861 1.3422043 27.7436790 0.0093299 -0.8134124 0.0244861 0.5810969
58.000000 -4.5068736 1.3190492 27.7040501 -0.0002614 -0.8080708 0.0159836 0.5888684
58.233333 -4.6629653 1.3350736 27.6770420 0.0044175 -0.8291540 0.0349257 0.5579107
58.466667 -4.8143129 1.3106019 27.6318474 0.0050091 -0.8407166 0.0206032 0.5410600
58.700000 -4.9689207 1.3402134 27.5712013 0.0163029 -0.8438381 0.0257785 0.5357303
58.933333 -5.1235313 1.3219948 27.5205383 0.0268120 -0.8351883 0.0216645 0.5488828
59.166667 -5.2850456 1.3377750 27.4696808 0.0149080 -0.8512591 0.0327663 0.5235095
59.400000 -5.4430780 1.3340869 27.4185123 -0.0107316 0.8671752 -0.0256613 -0.4972259
59.633333 -5.5962267 1.3437159 27.3475723 -0.0106089 0.8670155 -0.0186851 -0.4978176
59.866667 -5.7398839 1.3565713 27.2839317 -0.0283773 0.8697826 -0.0289204 -0.4917688
60.100000 -5.8932176 1.3439174 27.2084045 -0.0223231 0.8881159 -0.0228485 -0.4585083
60.333333 -6.0376277 1.3499776 27.1345787 -0.0267614 0.9159440 -0.0313273 -0.3991855
60.566667 -6.1553936 1.3168955 27.0396347 -0.0170449 0.9442497 -0.0160890 -0.3283946
60.733333 -6.2238364 1.3172642 26.9663258 -0.0282150 0.9562924 -0.0283770 -0.2896610
60.900000 -6.2881680 1.2844495 26.8858395 -0.0329824 0.9579303 -0.0356936 -0.2828563
61.133333 -6.3798513 1.2674839 26.7636318 -0.0178568 0.9670007 -0.0284242 -0.2525527
61.300000 -6.4358582 1.2701325 26.6635151 -0.0169574 0.9785320 -0.0284723 -0.2034130
61.466667 -6.4690351 1.2458358 26.5576344 -0.0138969 0.9929934 -0.0172389 -0.1160768
61.633333 -6.4818039 1.2336395 26.4604492 -0.0211619 0.9980206 -0.0087709 -0.0585673
61.733333 -6.4860330 1.2408866 26.4001617 -0.0288241 0.9989758 -0.0135445 -0.0321414
61.933333 -6.4915309 1.2235664 26.2762260 -0.0391941 0.9988933 -0.0204742 -0.0160288
62.100000 -6.4968033 1.2038251 26.1750317 -0.0318607 0.9991899 -0.0217131 -0.0115316
62.266667 -6.5009108 1.2112488 26.0692329 -0.0301012 0.9990761 -0.0306398 0.0014370
62.466667 -6.5085855 1.1989046 25.9344196 -0.0207446 0.9986846 -0.0407421 0.0232096
62.633333 -6.5031862 1.1821092 25.8262482 -0.0214835 0.9986462 -0.0315161 0.0353692
62.800000 -6.4953380 1.1964471 25.7095127 -0.0245700 0.9983550 -0.0379160 0.0352989
62.933333 -6.4845409 1.1944938 25.6148224 -0.0276043 0.9980368 -0.0399676 0.0395371
63.066667 -6.4836621 1.1730894 25.5248470 -0.0284214 0.9984588 -0.0387901 0.0277044
63.266667 -6.4805117 1.1787831 25.3808880 -0.0144253 0.9985446 -0.0378649 0.0355939
63.400000 -6.4968376 1.1755117 25.2823772 -0.0069228 0.9988076 -0.0406536 0.0261291
63.566667 -6.4756207 1.1533608 25.1535206 -0.0058415 0.9986893 -0.0316025 0.0398353
63.766667 -6.4568725 1.1534994 25.0151234 -0.0129866 0.9986010 -0.0290392 0.0422394
63.966667 -6.4385576 1.1506851 24.8700943 -0.0146858 0.9982966 -0.0394437 0.0404041
64.166667 -6.4287443 1.1276596 24.7183704 -0.0123219 0.9992025 -0.0274360 0.0262613
64.333333 -6.4253759 1.1419109 24.5852375 -0.0069619 0.9989043 -0.0311976 0.0341827
64.500000 -6.4274349 1.1248846 24.4546070 -0.0080889 0.9986442 -0.0337813 0.0387705
64.666667 -6.4218206 1.1043633 24.3354702 -0.0073975 0.9984361 -0.0253363 0.0492820
64.833333 -6.4054165 1.1198094 24.2094154 -0.0154370 0.9982007 -0.0292896 0.0499913
65.000000 -6.3881450 1.1146204 24.0866280 -0.0264295 0.9978541 -0.0421576 0.0425613
65.166667 -6.3801923 1.0913703 23.9583073 -0.0234185 0.9986165 -0.0353445 0.0311050
65.333333 -6.3750687 1.1032388 23.8316898 -0.0073337 0.9974939 -0.0473940 0.0520193
65.500000 -6.3702388 1.0980698 23.7038288 -0.0021951 0.9973162 -0.0516852 0.0518101
65.700000 -6.3458858 1.0764599 23.5549469 -0.0125618 0.9978673 -0.0292305 0.0569962
65.900000 -6.3178530 1.0951694 23.4063187 -0.0199947 0.9968320 -0.0374162 0.0672772
66.100000 -6.3000197 1.0661240 23.2601089 -0.0227688 0.9984761 -0.0347242 0.0363484
66.333333 -6.2890301 1.0709469 23.0910206 -0.0114980 0.9981511 -0.0387838 0.0453646
66.533333 -6.2860365 1.0523534 22.9452991 -0.0055715 0.9977331 -0.0435857 0.0509694
66.733333 -6.2631831 1.0362687 22.8017445 -0.0167701 0.9980038 -0.0306372 0.0526172
66.933333 -6.2410088 1.0544784 22.6556015 -0.0239617 0.9969670 -0.0405946 0.0619259
67.133333 -6.2288895 1.0243589 22.5060863 -0.0217969 0.9982933 -0.0365227 0.0400175
67.333333 -6.2198238 1.0303504 22.3514786 -0.0102255 0.9980591 -0.0321416 0.0523485
67.566667 -6.2154016 1.0146489 22.1670589 -0.0083235 0.9969155 -0.0380123 0.0681563
67.800000 -6.1997833 1.0088009 21.9848061 -0.0184323 0.9973959 -0.0282381 0.0637508
68.033333 -6.1880331 1.0105453 21.8016014 -0.0222689 0.9973820 -0.0345439 0.0594972
68.266667 -6.1880608 0.9833027 21.6162224 -0.0164158 0.9991671 -0.0214632 0.0305768
68.466667 -6.2007375 0.9945430 21.4576473 -0.0066702 0.9990950 -0.0297969 0.0296125
68.666667 -6.2017503 0.9705037 21.2998276 -0.0119870 0.9991284 -0.0236330 0.0322524
68.900000 -6.1987977 0.9872684 21.1157246 -0.0155950 0.9989178 -0.0290608 0.0327960
69.133333 -6.2011085 0.9736463 20.9325180 -0.0284367 0.9989625 -0.0318285 0.0158802
69.333333 -6.2055645 0.9733839 20.7799587 -0.0250780 0.9987701 -0.0325257 0.0277739
69.566667 -6.2350097 0.9618051 20.6106739 -0.0247259 0.9984884 -0.0480672 0.0099592
69.800000 -6.2456884 0.9545206 20.4356804 -0.0214624 0.9984302 -0.0517218 0.0011566
70.033333 -6.2582521 0.9597755 20.2477665 -0.0246937 0.9985340 -0.0471982 0.0096096
70.266667 -6.2759500 0.9387110 20.0628376 -0.0170791 0.9991214 -0.0376460 -0.0068889
70.500000 -6.3085799 0.9306365 19.8917465 -0.0137981 0.9987739 -0.0472180 0.0055515
70.733333 -6.3276615 0.9029675 19.7205200 -0.0194774 0.9992865 -0.0320064 0.0047692
70.966667 -6.3322001 0.9098304 19.5373802 -0.0243667 0.9991258 -0.0324467 0.0100565
71.200000 -6.3410144 0.8690319 19.3612385 -0.0308021 0.9989374 -0.0340552 0.0039390
71.433333 -6.3592834 0.8850167 19.1704865 -0.0171924 0.9990503 -0.0388084 0.0098453
71.666667 -6.3754511 0.8521482 18.9940052 -0.0110653 0.9987556 -0.0450041 0.0184226
71.900000 -6.3740840 0.8559763 18.8268623 -0.0174896 0.9991599 -0.0365944 0.0058647
72.133333 -6.3654509 0.8347329 18.6387672 -0.0251078 0.9986927 -0.0392087 -0.0210982
72.366667 -6.3650565 0.8399574 18.4346275 -0.0103149 0.9995031 -0.0295234 0.0039242
72.633333 -6.3900752 0.8032451 18.2549324 -0.0083047 0.9992481 -0.0373986 0.0059692
72.866667 -6.3935356 0.8064907 18.0825291 -0.0175607 0.9990150 -0.0378204 -0.0151729
73.100000 -6.4077706 0.7886145 17.9167004 -0.0181512 0.9985756 -0.0411291 -0.0287353
73.333333 -6.4263902 0.7833346 17.7272320 -0.0071889 0.9990958 -0.0404045 -0.0111095
73.566667 -6.4517684 0.7710049 17.5463238 -0.0111270 0.9987559 -0.0463395 0.0146774
73.800000 -6.4717741 0.7524316 17.3742867 -0.0170591 0.9992745 -0.0332567 0.0073148
74.066667 -6.4964499 0.7447944 17.1828957 -0.0252948 0.9984486 -0.0481864 -0.0117733
74.300000 -6.5163927 0.7385339 16.9865360 -0.0073042 0.9987093 -0.0441089 -0.0240974
74.533333 -6.5525918 0.7301206 16.8169422 -0.0046148 0.9985600 -0.0534394 -0.0009038
74.766667 -6.5716434 0.7061344 16.6506615 -0.0106560 0.9990579 -0.0399974 -0.0130349
75.000000 -6.5824919 0.7231061 16.4676666 -0.0184627 0.9983562 -0.0516608 -0.0165890
75.233333 -6.6125960 0.6932528 16.2946663 -0.0072454 0.9988182 -0.0401270 -0.0264507
75.466667 -6.6473837 0.7019609 16.1164780 -0.0033967 0.9988090 -0.0449709 -0.0186166
75.700000 -6.6732130 0.6697147 15.9391308 -0.0033019 0.9996763 -0.0183883 -0.0172667
75.933333 -6.6822290 0.6920207 15.7640867 -0.0128076 0.9991346 -0.0314785 -0.0239820
76.166667 -6.7086892 0.6520339 15.6032772 -0.0155180 0.9983847 -0.0370508 -0.0401801
76.400000 -6.7407813 0.6570508 15.4372158 -0.0050407 0.9985544 -0.0480016 -0.0236542
76.633333 -6.7675204 0.6279907 15.2738857 -0.0121517 0.9980760 -0.0572085 -0.0205858
76.866667 -6.7813244 0.6388881 15.1001015 -0.0160436 0.9984013 -0.0511056 -0.0180487
77.100000 -6.8002124 0.6233200 14.9252119 -0.0245324 0.9975340 -0.0521974 -0.0399923
77.333333 -6.8216724 0.6254463 14.7419844 -0.0074927 0.9989149 -0.0426055 -0.0172518
77.700000 -6.8592691 0.5951691 14.4720974 -0.0095144 0.9994575 -0.0306990 0.0071942
77.966667 -6.8617473 0.6320285 14.2648897 -0.0203290 0.9989015 -0.0420816 0.0034041
78.200000 -6.8901372 0.5963370 14.1005802 -0.0130529 0.9991458 -0.0337577 -0.0199417
78.433333 -6.9098907 0.6191474 13.9175224 -0.0066804 0.9987778 -0.0475853 0.0115732
78.666667 -6.9297023 0.5935215 13.7343225 -0.0111204 0.9984673 -0.0466620 0.0276068
78.900000 -6.9425020 0.5999592 13.5618916 -0.0197338 0.9987143 -0.0410712 0.0222150
79.133333 -6.9589424 0.5791143 13.3764315 -0.0255716 0.9988887 -0.0367341 -0.0147646
79.366667 -6.9836788 0.5802915 13.1968327 -0.0054916 0.9994579 -0.0285390 -0.0154704
79.633333 -7.0088468 0.5547524 12.9942904 -0.0014578 0.9996555 -0.0230820 -0.0124095
79.866667 -7.0072236 0.5577020 12.8206024 -0.0171494 0.9996430 -0.0203824 -0.0021059
80.100000 -7.0156441 0.5467071 12.6459885 -0.0295906 0.9986226 -0.0397088 -0.0173356
80.333333 -7.0296187 0.5438180 12.4532061 -0.0172802 0.9994209 -0.0275156 -0.0101029
80.566667 -7.0619917 0.5288489 12.2822361 -0.0057508 0.9993607 -0.0338109 0.0100984
80.800000 -7.0624518 0.5172708 12.1007109 -0.0088692 0.9997731 -0.0189630 0.0039222
81.033333 -7.0733991 0.5128452 11.9347610 -0.0128297 0.9991879 -0.0327726 -0.0196151
81.266667 -7.0752811 0.4966526 11.7530231 -0.0091979 0.9989638 -0.0252563 -0.0367276
81.500000 -7.0901256 0.4899675 11.5825968 -0.0054566 0.9989620 -0.0370359 -0.0259511
81.733333 -7.1022239 0.4473789 11.4298592 -0.0054738 0.9995413 -0.0246265 -0.0167578
81.966667 -7.1094084 0.4533511 11.2695456 -0.0061032 0.9996108 -0.0255215 -0.0094688
82.200000 -7.1207442 0.4176381 11.1073713 -0.0051688 0.9994989 -0.0183355 -0.0252784
82.433333 -7.1355433 0.4218649 10.9445295 -0.0029511 0.9990954 -0.0265383 -0.0330968
82.666667 -7.1668215 0.3923163 10.7921734 -0.0017356 0.9988189 -0.0374785 -0.0308712
82.900000 -7.1724858 0.3925236 10.6277246 -0.0091213 0.9984860 -0.0362473 -0.0403551
83.100000 -7.1798830 0.3887323 10.4905672 -0.0204004 0.9976305 -0.0436448 -0.0491156
83.300000 -7.1887841 0.3718325 10.3465128 -0.0169792 0.9975905 -0.0399066 -0.0541519
83.533333 -7.2094059 0.3863738 10.2023211 -0.0097641 0.9990759 -0.0410626 -0.0081105
83.766667 -7.2276716 0.3592159 10.0327396 -0.0090537 0.9993538 -0.0280637 0.0205553
84.000000 -7.2384062 0.3727960 9.8725548 -0.0167360 0.9994361 -0.0260376 0.0130109
84.200000 -7.2523789 0.3545859 9.7366304 -0.0178812 0.9995004 -0.0252320 0.0065287
84.400000 -7.2544780 0.3511532 9.5866232 -0.0088838 0.9996715 -0.0184850 0.0153692
84.600000 -7.2827444 0.3510042 9.4548254 -0.0067072 0.9990056 -0.0302677 0.0320433
84.800000 -7.2994285 0.3235856 9.3174629 -0.0094156 0.9990080 -0.0259161 0.0349680
84.966667 -7.3088279 0.3312117 9.2048244 -0.0148776 0.9989673 -0.0267785 0.0335525
85.166667 -7.3199072 0.3239625 9.0627146 -0.0175906 0.9987156 -0.0339402 0.0332533
85.366667 -7.3286929 0.3085601 8.9110126 -0.0143021 0.9995295 -0.0213453 0.0167514
85.500000 -7.3400588 0.3198564 8.8176126 -0.0111144 0.9991423 -0.0284382 0.0279692
85.666667 -7.3513527 0.3102798 8.6945257 -0.0138091 0.9986822 -0.0352315 0.0346684
85.833333 -7.3620620 0.2857590 8.5826960 -0.0144511 0.9987226 -0.0235196 0.0423223
86.000000 -7.3675265 0.3006001 8.4657841 -0.0138905 0.9988969 -0.0242457 0.0377393
86.200000 -7.3797932 0.2806315 8.3267679 -0.0135225 0.9987131 -0.0158134 0.0462507
86.366667 -7.3815632 0.2713634 8.1975460 -0.0032771 0.9997963 -0.0075133 0.0184444
86.533333 -7.4008012 0.2782590 8.0827522 -0.0017672 0.9995905 -0.0149469 0.0243393
86.733333 -7.4108648 0.2575859 7.9404058 -0.0108787 0.9988550 -0.0268018 0.0381058
86.933333 -7.4120274 0.2444923 7.7978525 -0.0213499 0.9988745 -0.0202104 0.0372204
87.133333 -7.4250116 0.2535385 7.6560197 -0.0272869 0.9985930 -0.0293776 0.0347042
87.366667 -7.4258699 0.2272507 7.4741230 -0.0216229 0.9992161 -0.0207609 0.0258565
87.533333 -7.4293799 0.2373537 7.3494139 -0.0146887 0.9985956 -0.0284199 0.0422306
87.733333 -7.4383268 0.2182989 7.2071724 -0.0175022 0.9976420 -0.0438343 0.0498256
87.966667 -7.4326234 0.2097866 7.0368514 -0.0199599 0.9979614 -0.0305279 0.0523708
88.166667 -7.4237838 0.2192848 6.8857765 -0.0184545 0.9981672 -0.0396211 0.0418559
88.366667 -7.4309258 0.1882296 6.7445736 -0.0151978 0.9992693 -0.0336940 0.0097285
88.566667 -7.4434643 0.2020613 6.5996656 0.0038192 0.9988016 -0.0398623 0.0281374
88.700000 -7.4490943 0.1882881 6.5024624 0.0062799 0.9985603 -0.0459077 0.0270250
88.866667 -7.4480038 0.1660330 6.3806987 0.0049227 0.9987988 -0.0362807 0.0325633
89.033333 -7.4380832 0.1839350 6.2488022 -0.0000351 0.9987299 -0.0347808 0.0364533
89.166667 -7.4307623 0.1861012 6.1477962 -0.0055908 0.9986397 -0.0379774 0.0352873
89.333333 -7.4426703 0.1548693 6.0352764 -0.0076977 0.9993901 -0.0297929 0.0165086
89.466667 -7.4400873 0.1605736 5.9369564 -0.0010635 0.9993308 -0.0281023 0.0233899
89.600000 -7.4564800 0.1650739 5.8443041 0.0061811 0.9987509 -0.0351930 0.0349273
89.733333 -7.4640532 0.1501200 5.7516518 0.0012010 0.9988700 -0.0350430 0.0320824
89.866667 -7.4585552 0.1341118 5.6596470 -0.0029901 0.9991456 -0.0261798 0.0318392
90.000000 -7.4552712 0.1413546 5.5689492 -0.0067312 0.9988701 -0.0279871 0.0378151
90.133333 -7.4545898 0.1516673 5.4786277 -0.0101790 0.9983081 -0.0379215 0.0428874
90.266667 -7.4529395 0.1363966 5.3852839 -0.0145715 0.9987286 -0.0372006 0.0307404
90.400000 -7.4568591 0.1218142 5.2907114 -0.0111848 0.9992108 -0.0328713 0.0192932
90.533333 -7.4639044 0.1316149 5.1925530 -0.0043986 0.9991365 -0.0327328 0.0252090
90.666667 -7.4750905 0.1336455 5.0949059 -0.0057237 0.9990386 -0.0398142 0.0174353
90.800000 -7.4742541 0.1154043 4.9966717 -0.0100498 0.9990331 -0.0359133 0.0232840
91.000000 -7.4706259 0.1089885 4.8521538 -0.0099642 0.9988351 -0.0224210 0.0415513
91.233333 -7.4655204 0.1167116 4.6830297 -0.0154126 0.9985142 -0.0362597 0.0376443
91.466667 -7.4719720 0.0944942 4.5136347 -0.0092503 0.9994958 -0.0290978 0.0087145
91.700000 -7.4777908 0.1067423 4.3478608 -0.0076777 0.9980100 -0.0558178 0.0283095
91.933333 -7.4836326 0.0765975 4.1819010 -0.0055971 0.9982162 -0.0431559 0.0408754
92.166667 -7.4726357 0.1007061 4.0076518 -0.0174404 0.9983223 -0.0468767 0.0291706
92.433333 -7.4695196 0.0689772 3.8028574 -0.0070398 0.9993508 -0.0271776 0.0225795
92.666667 -7.4639773 0.0841838 3.6350760 -0.0073381 0.9983393 -0.0438185 0.0366707
92.933333 -7.4506083 0.0542768 3.4357533 -0.0103756 0.9982165 -0.0211303 0.0548604
93.200000 -7.4327426 0.0752305 3.2463751 -0.0156108 0.9980243 -0.0365541 0.0486569
93.433333 -7.4300323 0.0402957 3.0790749 -0.0107627 0.9991781 -0.0297144 0.0253856
93.700000 -7.4316745 0.0532726 2.8879914 0.0048828 0.9985434 -0.0467866 0.0264252
93.966667 -7.4176941 0.0171246 2.7076576 -0.0042523 0.9978452 -0.0425565 0.0497572
94.233333 -7.3997588 0.0413449 2.5158241 -0.0094530 0.9980516 -0.0436424 0.0435784
94.500000 -7.3889117 0.0166160 2.3255434 -0.0066487 0.9993055 -0.0358081 0.0078775
94.733333 -7.3936710 0.0301319 2.1618526 -0.0045340 0.9986059 -0.0410354 0.0328903
95.000000 -7.3914604 0.0022738 1.9655381 -0.0018857 0.9984976 -0.0240456 0.0492010
95.266667 -7.3833542 0.0239928 1.7758889 -0.0044853 0.9984362 -0.0359712 0.0425579
95.500000 -7.3833299 -0.0052791 1.6095916 -0.0038959 0.9992332 -0.0322476 0.0218598
95.800000 -7.3891692 0.0062607 1.3977915 0.0084507 0.9983429 -0.0421467 0.0382572
96.100000 -7.3993130 -0.0156173 1.1904391 0.0056352 0.9995587 -0.0251152 0.0148252
96.400000 -7.4109397 -0.0094925 0.9951548 0.0010820 0.9988083 -0.0486709 -0.0034572
96.633333 -7.4243126 -0.0248920 0.8246554 0.0036810 0.9990683 -0.0369609 -0.0219769
96.866667 -7.4503593 -0.0180351 0.6639704 0.0092287 0.9990581 -0.0411701 -0.0101361
97.100000 -7.4594917 -0.0397053 0.5099284 0.0029823 0.9996458 -0.0255747 0.0067313
97.366667 -7.4652572 -0.0181951 0.3305908 -0.0077944 0.9995262 -0.0242654 0.0172579
97.600000 -7.4731255 -0.0394731 0.1725079 -0.0086314 0.9997572 -0.0104701 0.0173622
97.900000 -7.5033274 -0.0211428 -0.0167959 -0.0064384 0.9991348 -0.0258925 0.0319031
98.666667 -7.5417581 -0.0259014 -0.5369533 0.0079141 0.9992492 -0.0274206 0.0262004
98.966667 -7.5623732 -0.0087419 -0.7744647 0.0043164 0.9987621 -0.0298513 0.0395548
99.200000 -7.5778618 -0.0297740 -0.9533372 -0.0040562 0.9990824 -0.0072446 0.0420170
99.433333 -7.5958328 -0.0013991 -1.1289817 -0.0042846 0.9993282 -0.0203165 0.0301990
100.900000 -7.7420502 -0.0666251 -2.2792923 -0.0019596 0.9994981 -0.0290134 0.0125668
101.400000 -7.7382364 -0.0954718 -2.6234891 -0.0059162 0.9985901 -0.0413550 0.0327509
101.666667 -7.7348499 -0.1130059 -2.8480959 -0.0087677 0.9989389 -0.0401188 0.0208474
101.900000 -7.7406540 -0.1080935 -3.0323923 0.0066647 0.9994553 -0.0259746 0.0192344
102.600000 -7.7189589 -0.1491219 -3.6280730 -0.0159411 0.9991927 -0.0276894 0.0243565
102.833333 -7.7142959 -0.1495102 -3.8227108 -0.0086490 0.9993356 -0.0215267 0.0281076
103.300000 -7.7105408 -0.1666488 -4.2176790 -0.0165867 0.9981373 -0.0155969 0.0566004
103.566667 -7.7199078 -0.1627395 -4.4307418 -0.0297095 0.9981728 -0.0204800 0.0484661
103.800000 -7.7095480 -0.1680162 -4.6461129 -0.0161127 0.9984779 -0.0162775 0.0501734
104.066667 -7.7365685 -0.1690958 -4.8464437 -0.0115075 0.9960621 -0.0280329 0.0833188
104.300000 -7.7262092 -0.1696288 -5.0264587 -0.0119505 0.9970858 -0.0115961 0.0744494
104.533333 -7.7470856 -0.1520689 -5.1836724 -0.0120112 0.9982285 -0.0303307 0.0497555
104.766667 -7.7306089 -0.1623342 -5.3773484 -0.0089255 0.9980339 -0.0219784 0.0580139
104.966667 -7.7332096 -0.1393862 -5.5207901 -0.0074671 0.9948316 -0.0372947 0.0941461
105.200000 -7.7105651 -0.1597591 -5.6800060 -0.0215854 0.9902218 -0.0211665 0.1361869
105.433333 -7.6826096 -0.1323695 -5.8323212 -0.0333336 0.9857045 -0.0318906 0.1620450
105.633333 -7.6457100 -0.1437743 -5.9638200 -0.0437582 0.9786232 -0.0268784 0.1991466
105.866667 -7.6026292 -0.1478110 -6.1105313 -0.0309285 0.9638469 -0.0102823 0.2644560
106.100000 -7.5543137 -0.1834293 -6.2388091 -0.0343943 0.9339300 -0.0125448 0.3555761
106.333333 -7.5006227 -0.2187786 -6.3426099 -0.0307493 0.9088585 0.0090636 0.4158708
106.600000 -7.3995352 -0.2103950 -6.4419909 -0.0409376 0.8934860 -0.0145720 0.4469839
106.833333 -7.3105493 -0.2362392 -6.5305099 -0.0399634 0.8735202 -0.0056774 0.4851114
107.066667 -7.1962800 -0.2219720 -6.6100626 -0.0380730 0.8432367 -0.0001115 0.5361924
107.300000 -7.0769372 -0.2429148 -6.6811967 -0.0344206 0.8044149 0.0084962 0.5930091
107.533333 -6.9611807 -0.2404788 -6.7253499 -0.0334708 0.7734186 0.0114020 0.6329086
107.766667 -6.8235669 -0.2445737 -6.7568092 -0.0380421 0.7598987 -0.0090243 0.6488647
108.000000 -6.6793633 -0.2520669 -6.7926512 -0.0357122 0.7482240 0.0017379 0.6624821
108.233333 -6.5250349 -0.2410696 -6.8400760 -0.0233363 0.7472973 -0.0025008 0.6640752
108.466667 -6.3767524 -0.2579502 -6.8661289 -0.0253246 0.7257040 0.0029901 0.6875343
108.700000 -6.2246304 -0.2401999 -6.8835120 -0.0257506 0.7080007 -0.0089331 0.7056856
108.933333 -6.0552659 -0.2637876 -6.8921061 -0.0305549 0.6983293 -0.0005786 0.7151239
109.166667 -5.8941936 -0.2526332 -6.9025927 -0.0171053 0.6886000 -0.0048780 0.7249232
109.400000 -5.7174730 -0.2610942 -6.9130030 -0.0156520 0.6664060 -0.0011424 0.7454239
109.633333 -5.5587368 -0.2532120 -6.8927402 -0.0230195 0.6512239 -0.0030884 0.7585302
110.133333 -5.1863379 -0.2445793 -6.8613610 -0.0258113 0.6633375 -0.0061385 0.7478499
110.366667 -5.0178719 -0.2472510 -6.8629055 -0.0081094 0.6460690 -0.0038359 0.7632263
110.600000 -4.8533669 -0.2536599 -6.8434019 -0.0219084 0.6442407 0.0009900 0.7645084
110.833333 -4.6770625 -0.2321406 -6.8221626 -0.0180649 0.6578276 -0.0133888 0.7528328
111.066667 -4.5052495 -0.2428596 -6.8173628 -0.0228839 0.6725012 0.0016642 0.7397403
111.300000 -4.3518763 -0.2311723 -6.8358788 -0.0052922 0.6671410 -0.0028088 0.7449074
111.533333 -4.1865573 -0.2480359 -6.8227897 -0.0180963 0.6589819 0.0032542 0.7519341
111.766667 -4.0362916 -0.2222826 -6.8197031 -0.0158232 0.6628189 -0.0092095 0.7485559
112.266667 -3.6849837 -0.2154076 -6.8252988 -0.0097936 0.6792041 -0.0099105 0.7338172
112.533333 -3.4969532 -0.2299410 -6.8364720 -0.0156916 0.6710826 0.0042731 0.7412042
112.766667 -3.3438656 -0.2092881 -6.8317857 -0.0187037 0.6696599 0.0001795 0.7424324
113.000000 -3.1956813 -0.2241765 -6.8357363 -0.0198283 0.6858907 -0.0142743 0.7272943
113.233333 -3.0399463 -0.2116561 -6.8439674 -0.0043030 0.6840669 -0.0095693 0.7293438
113.466667 -2.8861082 -0.2153706 -6.8683705 0.0000358 0.6844728 -0.0059687 0.7290140
113.700000 -2.7329886 -0.2171031 -6.8631878 -0.0114420 0.6807166 -0.0040418 0.7324463
114.000000 -2.5427721 -0.2085543 -6.8558331 -0.0058662 0.6780788 -0.0186272 0.7347297
114.233333 -2.3834262 -0.2072932 -6.8465972 -0.0094307 0.6575696 -0.0046905 0.7533202
114.733333 -2.0666432 -0.2095590 -6.7966294 -0.0300036 0.5600687 0.0082415 0.8278617
114.966667 -1.9302055 -0.1911050 -6.7443814 -0.0335363 0.5164151 -0.0028282 0.8556768
115.200000 -1.8078861 -0.2064014 -6.6910868 -0.0354325 0.4820005 -0.0001864 0.8754542
115.433333 -1.6842961 -0.1865632 -6.6319242 -0.0269117 0.4229429 0.0002808 0.9057566
115.666667 -1.5654966 -0.1988291 -6.5551233 -0.0276874 0.3423625 0.0089554 0.9391172
115.900000 -1.4827695 -0.1887030 -6.4669938 -0.0257177 0.2892043 0.0029261 0.9569174
116.133333 -1.4018494 -0.1830340 -6.3666759 -0.0161533 0.2638897 -0.0124142 0.9643377
116.366667 -1.3293073 -0.1807819 -6.2526364 -0.0235396 0.2077235 -0.0026284 0.9779008
116.600000 -1.2588841 -0.1586354 -6.1392512 -0.0074107 0.1446011 0.0054629 0.9894472
117.100000 -1.1852255 -0.1218207 -5.8623028 -0.0151012 0.0736575 0.0013995 0.9971682
117.333333 -1.1593554 -0.0880639 -5.6966286 0.0075048 0.0475660 0.0040298 0.9988317
117.566667 -1.1452202 -0.0920148 -5.5110922 -0.0163456 0.0112971 0.0118134 0.9997328
118.066667 -1.1254961 -0.1116122 -5.2147093 -0.0168741 -0.0184995 0.0102331 0.9996341
118.400000 -1.1215568 -0.1224515 -5.0137429 -0.0272571 -0.0023878 0.0021493 0.9996233
118.866667 -1.0818273 -0.1275618 -4.6905570 -0.0187738 0.0059154 0.0094770 0.9997613
119.333333 -1.0371848 -0.1194712 -4.3891745 -0.0099680 0.0533783 -0.0005516 0.9985244
119.600000 -0.9898441 -0.1295502 -4.2209334 -0.0259360 0.0832993 0.0072003 0.9961610
119.833333 -0.9413314 -0.1141372 -4.0565081 -0.0106281 0.0872919 0.0083319 0.9960912
120.100000 -0.8926466 -0.1330059 -3.8942719 -0.0185363 0.0783569 0.0070661 0.9967280
120.333333 -0.8617968 -0.1047441 -3.7258599 -0.0030027 0.0869823 -0.0065914 0.9961835
120.566667 -0.8162446 -0.1257711 -3.5664601 -0.0229596 0.0853886 -0.0005263 0.9960830
120.800000 -0.7780193 -0.0956662 -3.3856676 -0.0100827 0.0793287 0.0079165 0.9967661
121.066667 -0.7409087 -0.1127196 -3.2031374 -0.0203622 0.0403785 0.0082337 0.9989430
121.333333 -0.7203308 -0.0891022 -3.0290604 -0.0095975 0.0352755 -0.0073665 0.9993044
121.800000 -0.6738805 -0.0700367 -2.6787910 -0.0047388 0.0204491 0.0080077 0.9997476
122.066667 -0.6445792 -0.0820166 -2.4825320 -0.0185379 0.0147683 0.0091551 0.9996772
122.266667 -0.6392052 -0.0515917 -2.3378856 -0.0118976 0.0297566 0.0011505 0.9994857
122.466667 -0.6180877 -0.0576919 -2.2045507 -0.0005588 0.0474881 -0.0065889 0.9988499
122.700000 -0.5984569 -0.0447247 -2.0212138 -0.0030325 0.0541476 -0.0031210 0.9985235
122.933333 -0.5643178 -0.0303027 -1.8629761 0.0105209 0.0207232 0.0119184 0.9996589
123.166667 -0.5417066 -0.0362739 -1.7028810 -0.0065109 0.0341634 0.0079525 0.9993634
123.400000 -0.5241022 -0.0154833 -1.5520650 0.0058951 0.0391820 -0.0027857 0.9992108
123.633333 -0.5093108 -0.0038609 -1.3540817 -0.0052741 0.0593466 -0.0080512 0.9981911
123.866667 -0.4836693 0.0258667 -1.1884733 0.0082283 0.0268134 0.0048600 0.9995947
124.100000 -0.4753232 0.0149036 -1.0176960 -0.0113704 0.0002501 0.0063086 0.9999154
124.333333 -0.4711932 0.0471049 -0.8553504 -0.0004397 -0.0074336 -0.0009928 0.9999717
124.566667 -0.4540778 0.0411379 -0.6795970 -0.0087111 0.0293765 -0.0046114 0.9995198
124.800000 -0.4429880 0.0619655 -0.5170997 0.0106725 0.0065973 0.0105261 0.9998659
125.033333 -0.4274030 0.0419096 -0.3437378 -0.0079944 0.0162766 0.0090579 0.9997945
125.266667 -0.4314088 0.0495329 -0.1897464 -0.0152574 0.0077708 0.0028733 0.9998493
125.500000 -0.4321347 0.0383401 -0.0317591 -0.0121642 0.0057422 -0.0054576 0.9998946
125.733333 -0.4294170 0.0314585 0.1353918 -0.0208652 0.0174043 -0.0051238 0.9996177
126.000000 -0.4137076 0.0510265 0.3329497 -0.0169529 0.0105341 0.0099063 0.9997517
126.966667 -0.3225375 0.0548617 0.9626036 -0.0096139 0.0624005 0.0152754 0.9978880
127.300000 -0.2946849 0.0507851 1.1928117 -0.0235336 0.0382494 0.0116224 0.9989235
127.800000 -0.2531297 0.0686374 1.5453570 -0.0214675 0.0471096 0.0019532 0.9986571
128.033333 -0.2176659 0.0888670 1.7094842 -0.0028802 0.0041829 0.0099177 0.9999379
128.266667 -0.1931539 0.0788731 1.8707659 -0.0141349 -0.0052313 0.0141296 0.9997866
129.366667 -0.1513554 0.1231485 2.6606128 -0.0061635 0.0075108 0.0030654 0.9999481
129.600000 -0.1368227 0.1229093 2.8130519 0.0063064 0.0243161 -0.0015469 0.9996833
131.200000 0.0316807 0.1607897 3.9181399 -0.0110775 0.0464172 0.0144642 0.9987560
131.433333 0.0618657 0.1664051 4.0581365 -0.0066013 0.0568269 0.0073854 0.9983349
131.900000 0.1322036 0.1709230 4.3555980 -0.0057203 0.0808919 0.0037821 0.9966993
132.133333 0.1823299 0.1856076 4.5120206 -0.0075890 0.0768990 0.0072603 0.9969836
132.400000 0.2249337 0.1763993 4.6837339 -0.0137361 0.0628370 0.0081574 0.9978960
132.633333 0.2522731 0.2015979 4.8437471 0.0012174 0.0660081 -0.0056888 0.9978021
132.866667 0.2892485 0.1875778 5.0120482 -0.0141715 0.0636692 -0.0025883 0.9978670
133.100000 0.3272078 0.2120977 5.1766372 -0.0102327 0.0377694 0.0007328 0.9992338
133.633333 0.3702196 0.2228466 5.5491633 -0.0108025 0.0193650 0.0022921 0.9997515
133.900000 0.3871810 0.2072451 5.7307706 -0.0055991 0.0381176 -0.0019054 0.9992558
134.166667 0.4093539 0.2292790 5.9144959 0.0141279 0.0187177 -0.0031972 0.9997199
134.466667 0.4212297 0.2285799 6.1220870 0.0018646 -0.0129066 -0.0095035 0.9998698
134.766667 0.4340672 0.2418789 6.3344340 0.0132827 0.0005323 -0.0141004 0.9998122
135.333333 0.4884190 0.2495789 6.7516990 0.0029162 0.0049146 0.0030508 0.9999790
135.900000 0.5318446 0.2647484 7.1490149 -0.0051652 0.0263349 0.0029330 0.9996355
136.166667 0.5539421 0.2933171 7.3318944 0.0072940 0.0093977 0.0107207 0.9998717
136.433333 0.5601918 0.2828612 7.5256495 -0.0091910 -0.0025070 0.0046155 0.9999440
136.700000 0.5582690 0.3152610 7.7253118 -0.0037959 0.0043683 0.0012394 0.9999825
136.933333 0.5718669 0.3037252 7.8900256 -0.0121359 0.0177463 0.0103786 0.9997150
137.166667 0.5820135 0.3284586 8.0621338 0.0057280 -0.0108655 0.0132042 0.9998374
137.400000 0.5776656 0.3148903 8.2268248 0.0023716 -0.0363587 0.0111843 0.9992734
137.666667 0.5607299 0.3467230 8.4185419 0.0115311 -0.0194267 -0.0064614 0.9997239
138.533333 0.5366893 0.3661836 9.0650721 -0.0110768 -0.0137090 0.0065910 0.9998229
139.300000 0.5142094 0.3764632 9.6045332 -0.0110416 -0.0242291 0.0166209 0.9995072
139.533333 0.4987073 0.3913977 9.7731800 -0.0266747 -0.0150947 0.0120345 0.9994577
139.766667 0.4838976 0.3952327 9.9372911 -0.0124086 -0.0037498 0.0045003 0.9999059
140.000000 0.4887707 0.3919463 10.1092577 -0.0206531 -0.0039051 0.0189325 0.9995998
140.266667 0.5044394 0.3972089 10.3048162 -0.0117719 0.0005632 0.0168339 0.9997888
140.533333 0.4991399 0.4057686 10.5038223 -0.0221298 -0.0029924 0.0081955 0.9997171
140.800000 0.5062041 0.4129212 10.7017956 -0.0258405 0.0128318 0.0040634 0.9995754
141.033333 0.5098920 0.4213614 10.8819056 -0.0296248 0.0256973 0.0164759 0.9990949
141.266667 0.5246703 0.4271996 11.0507517 -0.0109224 0.0058595 0.0192765 0.9997374
141.500000 0.5220831 0.4263663 11.2282734 -0.0230192 0.0050910 0.0147077 0.9996139
142.200000 0.5343373 0.4619767 11.7575245 0.0019111 0.0143192 0.0175244 0.9997421
142.866667 0.5309827 0.4783178 12.2849703 -0.0339658 0.0196173 0.0073233 0.9992036
143.600000 0.5481986 0.5143759 12.8310413 -0.0170271 0.0187248 0.0048853 0.9996678
143.833333 0.5415476 0.5125950 13.0093126 -0.0101306 0.0401114 -0.0050455 0.9991311
144.400000 0.5597163 0.5235063 13.4470882 -0.0106300 -0.0028475 0.0112651 0.9998760
144.633333 0.5435413 0.5640534 13.6295309 -0.0041784 0.0032902 0.0068005 0.9999627
145.100000 0.5502095 0.5575485 13.9759560 0.0028644 0.0370953 0.0186328 0.9991339
145.933333 0.5348311 0.5844483 14.6090736 -0.0003091 0.0317111 -0.0030007 0.9994925
146.633333 0.5164308 0.6478976 15.1330357 0.0033149 -0.0039875 -0.0057838 0.9999698
146.900000 0.5093936 0.6429886 15.3440533 -0.0221622 0.0050981 -0.0062905 0.9997216
147.133333 0.5084067 0.6710860 15.5179090 -0.0044036 -0.0063985 0.0092707 0.9999269
147.366667 0.5074819 0.6611315 15.6952915 -0.0178265 -0.0188521 0.0116673 0.9995953
147.633333 0.4889862 0.7019626 15.8885822 -0.0028075 -0.0154891 0.0121965 0.9998017
147.866667 0.4785104 0.6880605 16.0615234 0.0044825 0.0206316 -0.0001950 0.9997771
148.100000 0.4787205 0.7146899 16.2424946 0.0029297 0.0046556 0.0218620 0.9997458
148.333333 0.4805397 0.7016754 16.4216747 -0.0114046 -0.0127446 0.0154157 0.9997349
148.566667 0.4647801 0.7204635 16.5916462 -0.0087756 0.0010363 0.0098549 0.9999124
149.033333 0.4640962 0.7321640 16.9520664 -0.0143434 0.0284090 0.0126137 0.9994138
149.300000 0.4674453 0.7306312 17.1544857 -0.0136478 0.0274839 0.0079611 0.9994974
149.566667 0.4662974 0.7500952 17.3493977 -0.0196140 0.0162448 0.0102645 0.9996229
149.800000 0.4658279 0.7495421 17.5292053 -0.0174455 0.0331401 0.0050401 0.9992858
150.033333 0.4767246 0.7578303 17.7046375 -0.0195384 0.0385600 0.0166294 0.9989268
150.266667 0.4930974 0.7688560 17.8574142 -0.0089418 0.0275006 0.0223917 0.9993309
150.533333 0.4973616 0.7679198 18.0541763 -0.0174089 0.0112202 0.0163310 0.9996521
150.833333 0.5002055 0.7842304 18.2839603 -0.0180067 0.0250345 0.0099876 0.9994745
151.400000 0.5090142 0.8003563 18.7313976 -0.0320979 0.0092613 0.0079399 0.9994103
151.666667 0.5035423 0.8360664 18.9271164 -0.0182592 0.0174763 0.0011368 0.9996799
151.933333 0.5145319 0.8223253 19.1338387 -0.0303559 0.0363399 0.0108442 0.9988195
152.200000 0.5400400 0.8526706 19.3319263 -0.0144762 0.0330799 0.0280017 0.9989555
152.466667 0.5518966 0.8394261 19.5299950 -0.0198015 0.0403450 0.0187800 0.9988130
152.866667 0.5645651 0.8677606 19.8338451 -0.0088324 0.0542450 0.0106681 0.9984316
153.166667 0.5958394 0.8980210 20.0650597 -0.0114131 0.0390979 0.0215319 0.9989382
153.800000 0.6391419 0.9231090 20.5368958 -0.0150124 0.0385795 0.0023130 0.9991401
154.033333 0.6536659 0.9435405 20.7294407 -0.0231756 0.0428589 0.0085238 0.9987759
154.266667 0.6893909 0.9554429 20.9082413 -0.0130763 0.0334198 0.0136404 0.9992628
154.533333 0.6930219 0.9715374 21.1242542 -0.0325548 0.0135450 0.0064244 0.9993575
154.766667 0.7049564 0.9867417 21.3026695 -0.0255091 0.0203750 0.0011962 0.9994662
155.266667 0.7523875 1.0051759 21.6867905 -0.0150643 -0.0049940 0.0144224 0.9997700
156.033333 0.8096203 1.0413249 22.2756844 -0.0302514 0.0255788 0.0188453 0.9990373
156.266667 0.8396319 1.0402415 22.4598141 -0.0353858 0.0276319 0.0193452 0.9988043
156.500000 0.8458480 1.0526160 22.6352310 -0.0390216 0.0153638 0.0184302 0.9989502
156.766667 0.8567930 1.0605673 22.8348026 -0.0326673 0.0314200 0.0107143 0.9989148
157.033333 0.8781720 1.0736885 23.0377903 -0.0285143 0.0372672 0.0179615 0.9987369
157.300000 0.9093195 1.0685091 23.2362347 -0.0183933 0.0159770 0.0205420 0.9994921
157.566667 0.9164544 1.0974395 23.4358902 -0.0187970 0.0192966 0.0133282 0.9995483
157.800000 0.9319117 1.0918092 23.6102810 -0.0123399 0.0341093 0.0101924 0.9992899
158.066667 0.9458765 1.1185136 23.8202686 -0.0119367 0.0399893 0.0170167 0.9989839
158.333333 0.9712899 1.1080194 24.0205574 -0.0084762 0.0102710 0.0173299 0.9997612
158.566667 0.9787446 1.1385659 24.1983337 -0.0147463 0.0059886 0.0129125 0.9997900
158.800000 0.9907596 1.1396048 24.3696499 -0.0036380 0.0079859 0.0022288 0.9999590
159.033333 1.0107549 1.1572267 24.5512257 -0.0125224 0.0150781 0.0163963 0.9996734
159.466667 1.0431752 1.1698999 24.8821278 -0.0247764 0.0135807 0.0250565 0.9992867
159.766667 1.0377150 1.2025287 25.1080780 -0.0060449 0.0157438 0.0151814 0.9997425
160.033333 1.0475324 1.2177110 25.3160553 -0.0098568 0.0092432 0.0216000 0.9996754
160.333333 1.0755937 1.2197303 25.5464649 -0.0160806 0.0196251 0.0250530 0.9993641
160.600000 1.0669932 1.2587434 25.7505684 -0.0162465 0.0274803 0.0147128 0.9993820
160.866667 1.0735229 1.2511176 25.9556046 -0.0162645 0.0337185 0.0221794 0.9990528
161.133333 1.0834886 1.2857282 26.1561871 -0.0021384 0.0155784 0.0329229 0.9993342
161.400000 1.0863796 1.2814664 26.3674259 -0.0262249 0.0061023 0.0237130 0.9993562
161.700000 1.0833454 1.3233252 26.5925484 -0.0198059 0.0026764 0.0139660 0.9997027
162.000000 1.0915589 1.3256420 26.8206558 -0.0303589 0.0090110 0.0201945 0.9992944
162.300000 1.1164536 1.3390305 27.0415764 -0.0152948 0.0101035 0.0239032 0.9995462
162.566667 1.1175406 1.3668216 27.2448692 -0.0271439 0.0091194 0.0140999 0.9994905
162.833333 1.1209456 1.3727809 27.4401093 -0.0171392 0.0268015 0.0056638 0.9994778
163.066667 1.1321676 1.3934783 27.6198730 -0.0203603 0.0166974 0.0209027 0.9994347
163.333333 1.1454813 1.4018258 27.8300877 -0.0244670 0.0199511 0.0146218 0.9993946
163.600000 1.1432158 1.4285289 28.0263042 -0.0172795 0.0026623 0.0175940 0.9996923
163.900000 1.1343732 1.4323851 28.2600651 -0.0088007 0.0208753 0.0067883 0.9997203
164.166667 1.1521428 1.4709051 28.4676056 -0.0079706 0.0028185 0.0311063 0.9994803
164.433333 1.1602349 1.4577076 28.6648808 -0.0229231 -0.0041725 0.0201758 0.9995249
164.700000 1.1644636 1.5034961 28.8735657 -0.0196082 0.0121633 0.0149486 0.9996220
164.966667 1.1677865 1.5067610 29.0970211 -0.0401727 0.0322749 0.0110622 0.9986101
165.233333 1.1926311 1.5392430 29.3023338 -0.0333002 0.0094438 0.0201883 0.9991968
165.500000 1.2000757 1.5366709 29.5024242 -0.0408386 0.0002027 0.0126210 0.9990860
165.766667 1.2006757 1.5791510 29.7112083 -0.0205582 0.0008581 0.0100349 0.9997379
166.033333 1.2120790 1.5881952 29.9313564 -0.0318882 -0.0014620 0.0169245 0.9993471
166.266667 1.2316396 1.6223636 30.1238766 -0.0243956 0.0005773 0.0294570 0.9992681
166.533333 1.2364185 1.6232440 30.3427715 -0.0489204 -0.0066181 0.0233509 0.9985077
166.800000 1.2193153 1.6714509 30.5521870 -0.0176807 -0.0015166 0.0093877 0.9997985
167.066667 1.2133060 1.6862617 30.7863998 -0.0284186 -0.0116446 0.0160313 0.9993997
167.333333 1.2276970 1.7090663 30.9891758 -0.0192464 -0.0273750 0.0269417 0.9990767
167.566667 1.1966493 1.7211828 31.1916924 -0.0429303 -0.0602269 0.0290104 0.9968390
167.833333 1.1726165 1.7040969 31.3779964 -0.0339162 -0.0372594 0.0224010 0.9984787
168.100000 1.1475496 1.7188840 31.5969925 -0.0304317 -0.0176989 0.0269460 0.9990168
168.333333 1.1289238 1.7198061 31.8086567 -0.0199553 -0.0298659 0.0334299 0.9987954
168.566667 1.1191065 1.7162330 31.9738159 -0.0282316 -0.0281529 0.0220470 0.9989616
168.833333 1.1099362 1.7163682 32.1655045 -0.0107611 -0.0229594 0.0094012 0.9996343
169.100000 1.1103469 1.7374834 32.3997040 -0.0205454 -0.0071629 0.0191419 0.9995800
169.333333 1.1268916 1.7456230 32.5919037 -0.0086568 0.0056202 0.0247773 0.9996397
169.600000 1.1445218 1.7544135 32.7925835 -0.0163560 0.0155265 0.0234120 0.9994715
169.833333 1.1577928 1.7585853 32.9779778 -0.0181574 0.0275387 0.0134522 0.9993653
170.066667 1.1805805 1.7700424 33.1672974 -0.0263324 0.0418084 0.0157684 0.9986541
170.300000 1.2150180 1.7910404 33.3570480 -0.0182390 0.0441854 0.0163205 0.9987235
170.533333 1.2326992 1.7852631 33.5328178 -0.0265957 0.0305173 0.0179365 0.9990193
170.766667 1.2354149 1.8172927 33.7111588 -0.0106181 0.0296370 0.0059750 0.9994864
171.000000 1.2490396 1.8040279 33.8985825 -0.0210469 0.0303827 0.0127255 0.9992357
171.233333 1.2672932 1.8359070 34.0854378 -0.0074226 0.0104065 0.0270796 0.9995515
171.466667 1.2830303 1.8225456 34.2769737 -0.0292066 -0.0169008 0.0230043 0.9991657
171.700000 1.2863798 1.8643337 34.4613419 -0.0268356 -0.0144586 0.0191337 0.9993522
171.933333 1.3084633 1.8599814 34.6463737 -0.0220511 0.0296797 0.0141113 0.9992166
172.166667 1.3317586 1.8800470 34.8256912 -0.0188185 0.0181393 0.0325024 0.9991298
172.400000 1.3488033 1.8850888 35.0066452 -0.0125181 0.0043850 0.0314028 0.9994188
172.633333 1.3497099 1.9032164 35.1776695 -0.0172374 0.0054146 0.0231607 0.9995685
172.866667 1.3741742 1.9107831 35.3211098 -0.0053339 0.0350452 0.0127915 0.9992896
173.100000 1.3729051 1.9327199 35.5245628 -0.0133420 0.0486016 0.0105450 0.9986734
173.333333 1.4063076 1.9613450 35.6892624 -0.0086561 0.0281932 0.0196064 0.9993727
173.566667 1.4389988 1.9555095 35.8484726 -0.0232963 0.0324602 0.0134382 0.9991111
173.800000 1.4684975 2.0073659 36.0156746 -0.0163974 0.0403830 0.0088750 0.9990103
174.000000 1.5056838 2.0072978 36.1603050 -0.0264171 0.0575121 0.0055365 0.9979799
174.200000 1.5315920 2.0368824 36.3124504 -0.0327433 0.0410344 0.0103627 0.9985673
174.400000 1.5663010 2.0654953 36.4530487 -0.0218785 -0.0009922 0.0081296 0.9997271
174.633333 1.5865375 2.0630758 36.6116524 -0.0393132 -0.0522435 0.0066427 0.9978381
174.866667 1.5874538 2.1167138 36.7643318 -0.0217859 -0.0783655 -0.0057245 0.9966702
175.100000 1.5829358 2.1114120 36.9033356 -0.0153495 -0.1290511 -0.0129768 0.9914342
175.333333 1.5896913 2.1421049 37.0432739 0.0010954 -0.2118500 0.0069014 0.9772772
175.566667 1.5868123 2.1493504 37.1980171 -0.0052532 -0.2986896 0.0116727 0.9542645
175.933333 1.5418493 2.1559720 37.3886719 -0.0058185 -0.3652911 0.0180913 0.9306993
176.200000 1.4727474 2.1504400 37.5116425 -0.0098700 -0.4075008 0.0121518 0.9130707
176.466667 1.3927753 2.1718304 37.6068993 -0.0085082 -0.5142599 0.0155516 0.8574511
176.733333 1.3162664 2.1607633 37.6886063 -0.0092484 -0.6030004 0.0111571 0.7976092
176.966667 1.2571634 2.1638353 37.7315559 -0.0026785 -0.6496593 0.0157869 0.7600569
177.433333 1.0920300 2.1690526 37.7846909 0.0122371 -0.7047961 0.0126767 0.7091911
177.700000 0.9927427 2.1777034 37.7996597 0.0097117 -0.7636939 0.0212534 0.6451555
177.933333 0.8943670 2.1778882 37.8139572 0.0136267 -0.8043262 0.0254798 0.5934849
178.333333 0.7280057 2.1754887 37.7988091 0.0077883 -0.8414235 0.0287853 0.5395529
178.966667 0.4551091 2.1461928 37.7551994 0.0100327 -0.8207033 0.0299417 0.5704813
179.266667 0.3305001 2.1244762 37.7443619 0.0086962 -0.8201644 0.0463507 0.5701809
179.633333 0.1890902 2.1221740 37.7035713 0.0031131 -0.8277794 0.0308699 0.5601951
179.900000 0.0766774 2.1138742 37.6530495 0.0107097 -0.8329928 0.0341755 0.5521235
180.133333 -0.0399465 2.0936379 37.6198273 0.0027661 -0.8299103 0.0303992 0.5570611
180.400000 -0.2069872 2.0993502 37.5817986 -0.0091155 -0.8203387 0.0322038 0.5708977
180.666667 -0.3854741 2.0584559 37.5446854 -0.0091283 -0.8235033 0.0327094 0.5662943
181.366667 -0.9215324 2.0312219 37.3953552 0.0006684 -0.8086877 0.0344334 0.5872291
181.600000 -1.1035213 2.0060337 37.3600464 0.0056599 -0.8187614 0.0450297 0.5723374
181.933333 -1.3647754 2.0042646 37.2821960 0.0092405 -0.8217188 0.0461252 0.5679485
182.166667 -1.5544131 1.9781836 37.2266693 0.0199116 -0.8137630 0.0421452 0.5793247
182.400000 -1.7372594 1.9727074 37.1854782 0.0081225 -0.8203818 0.0514911 0.5694352
182.633333 -1.9281002 1.9554929 37.1413956 0.0019015 -0.8244338 0.0513409 0.5636216
182.900000 -2.1378551 1.9638844 37.0726242 -0.0012892 -0.8253923 0.0446445 0.5627902
183.133333 -2.3215544 1.9409475 37.0102234 0.0083308 -0.8158658 0.0346476 0.5771422
183.366667 -2.5021169 1.9472442 36.9606133 0.0023787 -0.8199394 0.0453966 0.5706424
183.600000 -2.6631768 1.9336358 36.9259834 -0.0031866 -0.8286408 0.0464238 0.5578433
183.800000 -2.8256037 1.9255681 36.8589325 -0.0005638 -0.8285317 0.0272340 0.5592793
184.000000 -2.9701831 1.9369245 36.8150826 0.0069945 -0.8277697 0.0373181 0.5597819
184.200000 -3.1310489 1.9056028 36.7508469 0.0091828 -0.8286389 0.0310869 0.5588443
184.400000 -3.2894802 1.9171963 36.6951447 0.0049933 -0.8364708 0.0478689 0.5458938
184.633333 -3.4743528 1.9048029 36.6287041 0.0022849 -0.8531888 0.0493361 0.5192586
184.833333 -3.6184773 1.8970985 36.5675774 0.0027338 -0.8632755 0.0381410 0.5032825
185.066667 -3.7878177 1.9037181 36.5062141 0.0157932 -0.8537440 0.0413872 0.5188052
185.300000 -3.9673786 1.8843391 36.4363251 0.0073742 -0.8430997 0.0325023 0.5367236
185.533333 -4.1409845 1.9005159 36.3882599 0.0050024 -0.8448291 0.0480929 0.5328470
185.766667 -4.2964344 1.8701866 36.3226852 0.0049340 -0.8482372 0.0279741 0.5288543
186.000000 -4.4502382 1.8958861 36.2557297 0.0155651 -0.8441869 0.0340023 0.5347430
186.233333 -4.6054940 1.8682181 36.1993446 0.0116515 -0.8342108 0.0314956 0.5504223
186.466667 -4.7610645 1.8836817 36.1447220 -0.0005951 -0.8464022 0.0414979 0.5309245
186.700000 -4.9153829 1.8743471 36.0958519 -0.0062083 -0.8536668 0.0397622 0.5192624
186.933333 -5.0545354 1.8754566 36.0311775 0.0046842 -0.8525308 0.0323114 0.5216562
187.166667 -5.1929617 1.8710297 35.9865913 0.0210114 -0.8471872 0.0422211 0.5291972
187.400000 -5.3508191 1.8630444 35.8993683 0.0155339 -0.8573252 0.0305584 0.5136326
187.633333 -5.5005727 1.8599660 35.8380508 -0.0167286 0.8860874 -0.0330543 -0.4620353
187.866667 -5.6199026 1.8217943 35.7737274 -0.0061729 0.9172924 -0.0170174 -0.3978026
188.100000 -5.7099614 1.8240546 35.6945114 -0.0125974 0.9328179 -0.0179314 -0.3596812
188.333333 -5.7891064 1.8058424 35.6073380 -0.0326583 0.9438075 -0.0290111 -0.3275961
188.566667 -5.8733840 1.7945726 35.5171471 -0.0270899 0.9598572 -0.0290296 -0.2776645
188.800000 -5.9502611 1.7943475 35.4217262 -0.0306795 0.9755216 -0.0398495 -0.2140759
189.033333 -6.0051694 1.7726922 35.3229637 -0.0331560 0.9891794 -0.0336754 -0.1388914
189.266667 -6.0458560 1.7856787 35.2202835 -0.0343135 0.9933261 -0.0431959 -0.1012913
189.633333 -6.1076965 1.7659183 35.0558853 -0.0341476 0.9965202 -0.0363883 -0.0667627
189.866667 -6.1471958 1.7753167 34.9517479 -0.0245707 0.9986126 -0.0362595 -0.0292312
190.100000 -6.1777549 1.7611911 34.8549004 -0.0248381 0.9989678 -0.0366402 0.0101965
190.333333 -6.1909385 1.7573544 34.7705536 -0.0316609 0.9986872 -0.0352310 0.0194994
190.566667 -6.2033906 1.7638503 34.6809044 -0.0291588 0.9985354 -0.0453533 0.0044603
195.900000 -6.2676392 1.7338177 34.4200592 -0.0227861 0.9978932 -0.0396932 0.0459830
242.266667 -6.2848940 1.7446365 34.4223518 -0.0157011 0.9992103 -0.0183836 0.0315319
243.733333 -6.2832642 1.7460448 34.4144287 -0.0145266 0.9991461 -0.0167134 0.0348818
244.700000 -6.2959394 1.7540067 34.3189735 -0.0173774 0.9990060 0.0048113 0.0407670
245.066667 -6.2700777 1.7743466 34.1446991 -0.0243062 0.9991945 -0.0022414 0.0318526
245.300000 -6.2618823 1.7523938 34.0092354 -0.0237180 0.9995895 0.0039302 0.0155830
245.533333 -6.2739043 1.7610224 33.8524208 -0.0078737 0.9997638 0.0038923 0.0198810
245.766667 -6.2843528 1.7264076 33.6873589 -0.0095416 0.9994967 -0.0052085 0.0298024
246.033333 -6.2801113 1.7264467 33.4952545 -0.0117409 0.9990516 -0.0089018 0.0409738
246.266667 -6.2827816 1.6824471 33.3258095 -0.0151269 0.9995475 -0.0150121 0.0212286
246.500000 -6.2820354 1.6821340 33.1130219 -0.0045186 0.9996074 -0.0044513 0.0272897
246.733333 -6.2885952 1.6542503 32.9072838 -0.0063362 0.9987658 -0.0219591 0.0440979
247.433333 -6.3053861 1.6294969 32.2888107 -0.0117813 0.9996771 -0.0221277 0.0041579
247.933333 -6.3117971 1.6132545 31.8247356 -0.0149590 0.9994664 -0.0184670 0.0224095
248.166667 -6.3179274 1.5983547 31.6465111 -0.0208102 0.9990847 -0.0326248 0.0182292
248.400000 -6.3308764 1.5843465 31.4496593 -0.0145752 0.9994378 -0.0246762 0.0173985
248.633333 -6.3341832 1.5848117 31.2069874 -0.0161068 0.9982601 -0.0415741 0.0385863
249.166667 -6.3622713 1.5564495 30.7770138 -0.0277726 0.9984423 -0.0436660 0.0208566
249.433333 -6.3629508 1.5581729 30.5309658 -0.0227845 0.9982316 -0.0504714 0.0216107
249.666667 -6.3803940 1.5379059 30.3208618 -0.0149049 0.9986134 -0.0403175 0.0303905
249.900000 -6.3680792 1.5500159 30.1031475 -0.0177857 0.9989039 -0.0274613 0.0334741
250.133333 -6.3822351 1.5339235 29.9197044 -0.0207796 0.9991834 -0.0322888 0.0125819
250.366667 -6.3776507 1.5338688 29.7291565 -0.0189538 0.9995971 -0.0204149 0.0054447
250.600000 -6.3892450 1.5358435 29.5398979 -0.0166608 0.9985139 -0.0408777 0.0319609
250.866667 -6.3841000 1.5249536 29.3250065 -0.0263629 0.9987413 -0.0301558 0.0301918
251.100000 -6.3954349 1.5323333 29.1482601 -0.0250322 0.9983711 -0.0498102 0.0121468
251.366667 -6.4031305 1.5285738 28.9048462 -0.0122162 0.9990926 -0.0373677 0.0163787
251.633333 -6.4261971 1.5279036 28.6768723 -0.0031286 0.9987732 -0.0391159 0.0302045
251.866667 -6.4223585 1.5309941 28.4773121 -0.0122232 0.9996114 -0.0155522 0.0196386
252.100000 -6.4317603 1.5322895 28.2789001 -0.0170552 0.9994882 -0.0255477 0.0089280
252.333333 -6.4471531 1.5225267 28.0665684 -0.0080140 0.9996811 -0.0235215 -0.0045057
252.566667 -6.4685698 1.5392476 27.8418789 -0.0036950 0.9992793 -0.0338011 0.0168748
252.800000 -6.4850388 1.5171436 27.6296196 -0.0143574 0.9997215 -0.0162799 0.0092550
253.033333 -6.4979968 1.5240977 27.4082928 -0.0215647 0.9995250 -0.0220005 -0.0008657
253.266667 -6.5128422 1.4955016 27.1890221 -0.0185349 0.9998258 -0.0016788 -0.0014009
253.500000 -6.5223970 1.4778904 26.9850864 -0.0206176 0.9994140 -0.0201586 0.0184476
253.766667 -6.5191526 1.4478915 26.7837563 -0.0369674 0.9987330 -0.0317806 0.0124858
254.000000 -6.5272465 1.4142950 26.6008778 -0.0364287 0.9982079 -0.0462239 -0.0108266
254.266667 -6.5378566 1.3998344 26.3672657 -0.0228713 0.9985844 -0.0327721 -0.0350990
254.566667 -6.5500026 1.3606389 26.1233768 -0.0277715 0.9981963 -0.0512757 -0.0142737
254.833333 -6.5462561 1.3690224 25.8968353 -0.0204813 0.9984800 -0.0506979 0.0069247
255.066667 -6.5438104 1.3311549 25.6948490 -0.0239812 0.9980844 -0.0525540 -0.0221466
255.333333 -6.5551376 1.3390039 25.4585514 -0.0108324 0.9982987 -0.0516888 -0.0247115
255.600000 -6.5541978 1.2993306 25.2300415 -0.0175414 0.9984944 -0.0519487 -0.0015983
255.866667 -6.5424218 1.3164682 24.9966621 -0.0249487 0.9983794 -0.0500930 -0.0103329
256.166667 -6.5394950 1.2749408 24.7342148 -0.0074237 0.9988212 -0.0403334 -0.0259677
256.433333 -6.5395174 1.2661939 24.5027809 -0.0026860 0.9983672 -0.0566547 0.0067762
256.733333 -6.5294042 1.2614834 24.2416229 -0.0117121 0.9990653 -0.0408720 0.0078050
257.033333 -6.5317516 1.2282088 23.9961452 -0.0142789 0.9979233 -0.0550652 -0.0302166
257.300000 -6.5216708 1.2381572 23.7441940 0.0011744 0.9986322 -0.0506839 -0.0127856
257.600000 -6.5275412 1.2096714 23.4968262 -0.0150472 0.9994079 -0.0308456 0.0024557
257.866667 -6.5146480 1.2143502 23.2621937 -0.0193368 0.9986252 -0.0469126 -0.0131533
258.100000 -6.5225520 1.1803879 23.0675640 -0.0112311 0.9985472 -0.0413103 -0.0327228
258.366667 -6.5354137 1.1773415 22.8232441 -0.0001953 0.9993590 -0.0332672 -0.0132252
258.633333 -6.5226293 1.1572627 22.6005344 -0.0103028 0.9997854 -0.0166139 -0.0068506
258.866667 -6.5204697 1.1517699 22.4029083 -0.0104331 0.9995235 -0.0238706 -0.0165593
259.100000 -6.5239244 1.1285269 22.1993656 -0.0040741 0.9994267 -0.0105326 -0.0319175
259.333333 -6.5382590 1.1175617 22.0059319 -0.0037611 0.9995733 -0.0270806 -0.0102818
259.566667 -6.5374675 1.0960547 21.8107529 -0.0169497 0.9997630 -0.0098969 -0.0094228
259.800000 -6.5361700 1.0980133 21.6242809 -0.0259533 0.9989356 -0.0348399 -0.0155002
260.066667 -6.5620060 1.0639285 21.4171352 -0.0167247 0.9985382 -0.0387450 -0.0337724
260.300000 -6.5726714 1.0546073 21.2124901 -0.0099735 0.9985585 -0.0511599 -0.0128072
260.566667 -6.5718174 1.0356140 21.0040512 -0.0220698 0.9986467 -0.0470906 0.0002541
260.800000 -6.5805764 1.0300734 20.8206730 -0.0202520 0.9977717 -0.0621311 -0.0134654
261.033333 -6.5908937 1.0127178 20.6169834 -0.0176804 0.9971111 -0.0627451 -0.0389857
261.266667 -6.6066728 1.0123863 20.4076958 -0.0050437 0.9977115 -0.0644490 -0.0198133
261.500000 -6.6077895 0.9913306 20.2143345 -0.0136161 0.9989181 -0.0433852 -0.0097463
261.733333 -6.6136255 0.9952378 20.0172272 -0.0095152 0.9986768 -0.0488168 -0.0130730
261.966667 -6.6175928 0.9678029 19.8201122 -0.0093443 0.9987841 -0.0446472 -0.0187016
262.200000 -6.6325898 0.9626155 19.6216221 -0.0057746 0.9983543 -0.0562098 -0.0097900
262.466667 -6.6355181 0.9335957 19.4106712 -0.0238855 0.9989961 -0.0378651 0.0015409
262.700000 -6.6435127 0.9312166 19.2221794 -0.0235027 0.9984527 -0.0493667 -0.0101403
262.933333 -6.6559200 0.9013768 19.0277271 -0.0166360 0.9986126 -0.0419720 -0.0271023
263.166667 -6.6763616 0.8958153 18.8360062 -0.0065494 0.9982668 -0.0566259 -0.0146316
263.400000 -6.6934032 0.8714506 18.6546211 -0.0097120 0.9995248 -0.0280526 -0.0082951
263.633333 -6.6859503 0.8792188 18.4545212 -0.0213771 0.9987896 -0.0424658 -0.0126104
263.866667 -6.6905236 0.8493437 18.2721405 -0.0260286 0.9983464 -0.0472793 -0.0197863
264.100000 -6.7111154 0.8545477 18.0839386 -0.0124019 0.9978833 -0.0636785 -0.0044942
264.333333 -6.7149472 0.8188666 17.9025936 -0.0149707 0.9985405 -0.0515236 0.0061733
264.600000 -6.7090292 0.8291051 17.6881580 -0.0268107 0.9975709 -0.0640781 -0.0052315
264.833333 -6.7179155 0.7971091 17.4971466 -0.0181120 0.9981081 -0.0566297 -0.0156613
265.100000 -6.7445793 0.7956932 17.2751045 0.0006578 0.9982174 -0.0595409 -0.0040639
265.366667 -6.7557688 0.7660865 17.0739861 -0.0036912 0.9989277 -0.0401072 -0.0228341
265.600000 -6.7642303 0.7703193 16.8895168 -0.0098242 0.9982576 -0.0484263 -0.0322526
265.833333 -6.7783003 0.7458245 16.6906300 0.0018264 0.9991466 -0.0279961 -0.0303130
266.166667 -6.8020024 0.7234715 16.4424496 -0.0016099 0.9992627 -0.0379260 -0.0057577
266.466667 -6.8035746 0.7334323 16.2212582 -0.0184180 0.9980476 -0.0567039 -0.0186122
266.700000 -6.8153081 0.6993216 16.0497952 -0.0298528 0.9963896 -0.0575140 -0.0548512
266.933333 -6.8222241 0.7166110 15.8477774 -0.0147689 0.9979580 -0.0552451 -0.0284552
267.166667 -6.8419542 0.6826095 15.6727562 -0.0152654 0.9987575 -0.0433536 -0.0192560
267.433333 -6.8412056 0.6943467 15.4639063 -0.0151485 0.9987977 -0.0365844 -0.0289020
267.666667 -6.8460345 0.6630830 15.2911673 -0.0072792 0.9978786 -0.0426856 -0.0486128
267.933333 -6.8447504 0.6620709 15.0986786 -0.0066196 0.9973615 -0.0644455 -0.0327575
268.200000 -6.8366103 0.6356978 14.8938265 -0.0176200 0.9974946 -0.0575094 0.0372380
268.433333 -6.8230925 0.6518080 14.7130566 -0.0221679 0.9973021 -0.0518193 0.0470297
268.700000 -6.8223910 0.6235292 14.5214996 -0.0249898 0.9979490 -0.0536664 0.0243561
268.966667 -6.8215446 0.6400725 14.3155689 -0.0182912 0.9974210 -0.0618108 0.0315633
269.233333 -6.8189263 0.6066840 14.1091337 -0.0239009 0.9980103 -0.0426335 0.0398316
269.533333 -6.8097873 0.6244043 13.8677883 -0.0287625 0.9975647 -0.0506184 0.0384075
269.800000 -6.8213720 0.6107339 13.6469507 -0.0247957 0.9985335 -0.0466459 0.0118430
270.033333 -6.8277884 0.6255894 13.4504833 -0.0148263 0.9976616 -0.0535288 0.0398274
270.333333 -6.8277740 0.6105714 13.2110996 -0.0159540 0.9982284 -0.0416008 0.0394337
270.633333 -6.8253112 0.5905450 12.9724903 -0.0220404 0.9984681 -0.0505224 -0.0048094
270.866667 -6.8134403 0.5993951 12.7705221 -0.0092781 0.9989721 -0.0441206 0.0046931
271.166667 -6.8126812 0.5580667 12.5455084 -0.0099483 0.9991618 -0.0368652 0.0147500
271.433333 -6.8049350 0.5663521 12.3513689 -0.0211154 0.9987702 -0.0417384 0.0164386
271.666667 -6.8074994 0.5366066 12.1629686 -0.0233254 0.9988536 -0.0355562 -0.0219832
271.900000 -6.8186922 0.5540923 11.9682159 -0.0035761 0.9988552 -0.0444135 -0.0174068
272.133333 -6.8352218 0.5187771 11.7893515 -0.0007710 0.9994276 -0.0326505 -0.0088292
272.366667 -6.8294873 0.5429827 11.6053877 -0.0126717 0.9988329 -0.0452466 -0.0111774
272.600000 -6.8499565 0.5066447 11.4208879 -0.0164793 0.9981138 -0.0406218 -0.0429801
272.833333 -6.8671265 0.5216773 11.2287245 -0.0076358 0.9978765 -0.0456670 -0.0458125
273.066667 -6.8810530 0.4849595 11.0397167 -0.0104175 0.9992536 -0.0223248 -0.0297522
273.300000 -6.8897324 0.4846278 10.8698235 -0.0104427 0.9996956 -0.0195747 -0.0107923
273.533333 -6.8968730 0.4477015 10.6965055 -0.0190735 0.9995518 -0.0137647 -0.0185164
273.766667 -6.9048152 0.4479374 10.5072193 -0.0112323 0.9993393 -0.0060260 -0.0340362
274.000000 -6.9351006 0.4140134 10.3416195 -0.0003927 0.9997097 -0.0183449 -0.0156133
274.233333 -6.9250383 0.4039768 10.1754084 -0.0171114 0.9994928 -0.0263587 -0.0051572
274.466667 -6.9295034 0.3939590 10.0143757 -0.0302945 0.9978091 -0.0546103 -0.0218409
274.733333 -6.9429126 0.3836180 9.8023338 -0.0158624 0.9976193 -0.0468620 -0.0480434
274.966667 -6.9629502 0.3740358 9.6148930 0.0067919 0.9982982 -0.0530282 -0.0232914
275.200000 -6.9530001 0.3586473 9.4368696 -0.0091457 0.9990110 -0.0352670 -0.0254872
275.466667 -6.9681759 0.3526847 9.2595997 -0.0215054 0.9983018 -0.0491462 -0.0227080
275.700000 -6.9803734 0.3385438 9.0756588 -0.0059719 0.9973625 -0.0426560 -0.0584202
275.933333 -7.0027537 0.3347661 8.8939409 0.0128662 0.9984608 -0.0430055 -0.0325732
276.166667 -6.9958181 0.3092462 8.7381392 0.0032325 0.9994601 -0.0323646 -0.0046433
276.400000 -6.9947858 0.3204211 8.5799789 -0.0147680 0.9983026 -0.0531079 -0.0187995
276.633333 -6.9980812 0.2895609 8.4055119 -0.0176038 0.9986835 -0.0340043 -0.0341324
276.800000 -6.9999180 0.3118328 8.2743845 -0.0018328 0.9989080 -0.0437758 -0.0162185
276.966667 -7.0181451 0.2880540 8.1606312 0.0063667 0.9985884 -0.0512972 -0.0122162
277.100000 -7.0130844 0.2667308 8.0711765 0.0051657 0.9988242 -0.0477093 0.0068723
277.233333 -7.0043101 0.2705678 7.9832134 -0.0051939 0.9985348 -0.0495137 0.0212043
277.366667 -6.9977798 0.2812754 7.8887897 -0.0163054 0.9978623 -0.0606594 0.0180354
277.600000 -7.0015235 0.2439275 7.7152500 -0.0167324 0.9988521 -0.0448165 -0.0024574
277.833333 -7.0144820 0.2586704 7.5442781 -0.0060695 0.9987586 -0.0493943 0.0021817
278.066667 -7.0400848 0.2254825 7.3803501 0.0003053 0.9988798 -0.0470822 0.0047076
278.300000 -7.0363421 0.2312800 7.2087245 -0.0099614 0.9993039 -0.0347399 0.0092570
278.533333 -7.0386534 0.2150143 7.0397024 -0.0210203 0.9988387 -0.0431965 -0.0036607
278.766667 -7.0471764 0.2105783 6.8652453 -0.0127860 0.9991542 -0.0374361 -0.0112243
279.033333 -7.0578828 0.2040387 6.6548333 -0.0163614 0.9987646 -0.0362841 0.0297486
279.266667 -7.0548911 0.1968040 6.4867301 -0.0198691 0.9988421 -0.0272877 0.0342798
279.533333 -7.0668507 0.1745017 6.3148556 -0.0270139 0.9984843 -0.0459137 0.0138322
279.766667 -7.0693421 0.1693785 6.1487989 -0.0102003 0.9989319 -0.0450246 -0.0019418
280.000000 -7.0788040 0.1513010 5.9871182 0.0045925 0.9979305 -0.0614318 0.0184311
280.233333 -7.0724325 0.1372052 5.8329344 -0.0063030 0.9980384 -0.0542523 0.0305994
280.466667 -7.0511627 0.1535978 5.6651778 -0.0223272 0.9975941 -0.0625609 0.0198416
280.700000 -7.0562048 0.1166527 5.5067749 -0.0254098 0.9987180 -0.0410105 -0.0153265
280.933333 -7.0633092 0.1305290 5.3418727 -0.0102742 0.9984636 -0.0541988 -0.0052311
281.166667 -7.0577869 0.0978665 5.1812682 -0.0051501 0.9984711 -0.0443890 0.0325345
281.433333 -7.0416183 0.1116882 5.0045872 -0.0113839 0.9981398 -0.0550569 0.0235813
281.666667 -7.0402837 0.0766915 4.8467240 -0.0225619 0.9986968 -0.0453770 -0.0060440
281.933333 -7.0487018 0.0881713 4.6689639 -0.0140597 0.9984525 -0.0537509 0.0023978
282.100000 -7.0602698 0.0712263 4.5602136 -0.0082837 0.9980990 -0.0594090 0.0141535
282.766667 -7.0680442 0.0460705 4.1257877 -0.0195397 0.9991263 -0.0336290 -0.0152940
283.000000 -7.0775590 0.0607293 3.9687643 0.0014192 0.9993169 -0.0354868 0.0102167
283.433333 -7.0750046 0.0378570 3.6955404 -0.0087258 0.9991924 -0.0338473 0.0198195
283.700000 -7.0740070 0.0317504 3.5201137 -0.0146345 0.9989551 -0.0429354 -0.0055723
283.966667 -7.0802622 0.0300924 3.3390017 -0.0061857 0.9992605 -0.0372844 -0.0070745
284.233333 -7.1014667 0.0069328 3.1691706 0.0023441 0.9990773 -0.0419983 0.0086652
284.500000 -7.0989079 0.0071015 3.0048451 -0.0190665 0.9989286 -0.0403185 0.0123508
284.766667 -7.1020741 -0.0114273 2.8305943 -0.0217475 0.9987825 -0.0406502 -0.0175512
285.000000 -7.1047730 -0.0082812 2.6742246 -0.0131096 0.9994035 -0.0301646 -0.0105241
285.500000 -7.1025147 -0.0345533 2.3680010 -0.0164767 0.9991555 -0.0302773 0.0223638
285.800000 -7.0973377 -0.0425480 2.1978700 -0.0261668 0.9987826 -0.0383959 -0.0165663
286.233333 -7.1129589 -0.0440562 1.9570568 -0.0010940 0.9991205 -0.0406546 0.0102141
286.533333 -7.1164432 -0.0661671 1.8061171 -0.0048454 0.9982694 -0.0312760 0.0495638
286.833333 -7.1290188 -0.0656150 1.6431298 -0.0081045 0.9979023 -0.0458914 0.0449373
287.133333 -7.1242537 -0.0656586 1.4459536 -0.0049542 0.9987819 -0.0258504 0.0417364
287.400000 -7.1197042 -0.0755983 1.2721647 -0.0084652 0.9959459 -0.0182145 0.0876829
287.700000 -7.0909128 -0.0781215 1.1059411 -0.0197405 0.9915417 -0.0302375 0.1246633
288.033333 -7.0418777 -0.0964926 0.9005638 -0.0315412 0.9880074 -0.0269745 0.1487245
288.266667 -7.0037928 -0.0868706 0.7636532 -0.0202537 0.9798781 -0.0268176 0.1967473
288.500000 -6.9629102 -0.1069363 0.6356592 -0.0255335 0.9674377 -0.0294912 0.2500850
288.733333 -6.9116664 -0.1053643 0.5218064 -0.0334180 0.9618267 -0.0314402 0.2697853
288.966667 -6.8633404 -0.1090123 0.4118545 -0.0415888 0.9598687 -0.0444235 0.2737682
289.200000 -6.8059483 -0.1176654 0.2933009 -0.0375054 0.9509596 -0.0345730 0.3050803
289.466667 -6.7396736 -0.1159632 0.1712581 -0.0279890 0.9201893 -0.0247326 0.3896879
289.766667 -6.6462212 -0.1199727 0.0742759 -0.0247549 0.8782539 -0.0140272 0.4773474
290.033333 -6.5465789 -0.1126308 0.0055615 -0.0317385 0.8596866 -0.0305779 0.5089172
290.333333 -6.4191685 -0.0963799 -0.0650257 -0.0268614 0.8140157 -0.0242738 0.5797135
290.633333 -6.2523494 -0.0735580 -0.1355294 -0.0286026 0.7499763 -0.0158232 0.6606566
290.933333 -6.0933232 -0.0640434 -0.1792924 -0.0261325 0.7097598 -0.0239596 0.7035509
291.200000 -5.9248567 -0.0819584 -0.2153589 -0.0425430 0.7053019 -0.0260029 0.7071514
291.500000 -5.7350397 -0.0690955 -0.2740022 -0.0318230 0.7058905 -0.0147996 0.7074509
291.766667 -5.5474997 -0.0816358 -0.2987354 -0.0352015 0.6906338 -0.0081922 0.7223010
292.000000 -5.3974390 -0.0642159 -0.3108020 -0.0226952 0.6849985 -0.0157932 0.7280197
292.466667 -5.0308466 -0.0660579 -0.3563809 -0.0033149 0.7132551 -0.0165964 0.7007002
292.733333 -4.8452888 -0.0984496 -0.3750791 -0.0152344 0.6997562 -0.0200284 0.7139384
292.966667 -4.6695189 -0.0714669 -0.3722270 -0.0218379 0.6896336 -0.0294669 0.7232291
293.200000 -4.4866724 -0.0899901 -0.3777668 -0.0356559 0.6813680 -0.0211551 0.7307659
293.433333 -4.3151464 -0.0717554 -0.3935738 -0.0209435 0.6876152 -0.0162837 0.7255905
293.666667 -4.1468744 -0.0898648 -0.4015733 -0.0230272 0.6746883 -0.0173552 0.7375392
293.933333 -3.9513867 -0.0642590 -0.3975561 -0.0228658 0.6793215 -0.0214949 0.7331694
294.200000 -3.7621999 -0.0892384 -0.3976882 -0.0190095 0.6853071 -0.0292812 0.7274169
294.433333 -3.5699513 -0.0646921 -0.4065111 -0.0068531 0.6893631 -0.0304396 0.7237437
294.666667 -3.4137673 -0.0889671 -0.3983197 -0.0056857 0.6727489 -0.0350589 0.7390179
294.933333 -3.2312636 -0.0674567 -0.3809134 0.0005183 0.6709619 -0.0401142 0.7404058
295.166667 -3.0536301 -0.0739059 -0.3714335 -0.0066782 0.6776810 -0.0300232 0.7347125
295.400000 -2.8707864 -0.0486465 -0.3686247 -0.0046318 0.6825323 -0.0259436 0.7303802
295.633333 -2.6973011 -0.0453911 -0.3721966 -0.0017783 0.6556953 -0.0179688 0.7548097
295.866667 -2.5245235 -0.0269941 -0.3494432 -0.0189757 0.6521298 -0.0063053 0.7578436
296.100000 -2.4006417 -0.0228080 -0.3297440 -0.0107776 0.6490934 -0.0307118 0.7600120
296.333333 -2.2176716 -0.0201843 -0.3112327 -0.0234040 0.6464487 -0.0124797 0.7624963
296.566667 -2.0556064 0.0016868 -0.2935589 -0.0047571 0.6224674 -0.0169146 0.7824485
296.866667 -1.8625585 -0.0162606 -0.2683047 -0.0291262 0.5938820 -0.0018876 0.8040226
297.100000 -1.6932821 0.0241398 -0.2387911 -0.0237770 0.6430364 -0.0209737 0.7651790
297.333333 -1.5348104 0.0031610 -0.2206513 -0.0253761 0.6562772 -0.0184699 0.7538668
297.600000 -1.3388705 0.0364051 -0.2004201 -0.0003400 0.6185569 -0.0102255 0.7856734
297.833333 -1.1712188 0.0175694 -0.1591163 -0.0238031 0.5968238 -0.0049352 0.8020040
298.100000 -0.9856669 0.0618025 -0.0824036 -0.0261375 0.5938145 -0.0227130 0.8038566
298.366667 -0.7971579 0.0323818 0.0183936 -0.0384744 0.5377392 -0.0246508 0.8418721
298.600000 -0.6624330 0.0306281 0.1030044 -0.0227098 0.4856730 -0.0293618 0.8733521
298.866667 -0.5078335 0.0176354 0.2078369 -0.0269225 0.3869560 -0.0113083 0.9216357
299.133333 -0.4043842 0.0327812 0.3360226 -0.0253746 0.3157422 -0.0143811 0.9483966
299.433333 -0.2969489 0.0126853 0.5090800 -0.0253337 0.2614849 -0.0128239 0.9647898
299.733333 -0.1793315 0.0405327 0.6819768 -0.0136013 0.2022474 0.0037566 0.9792328
300.000000 -0.0986342 0.0239532 0.8424708 -0.0176378 0.1543743 -0.0034804 0.9878489
300.233333 -0.0431134 0.0649435 1.0042759 -0.0173865 0.0963161 -0.0068388 0.9951754
300.500000 0.0008661 0.0590297 1.2011068 -0.0224451 0.0913839 -0.0116242 0.9954949
300.800000 0.0519427 0.0759168 1.3881359 -0.0013418 0.0464345 -0.0035749 0.9989141
301.200000 0.1270157 0.0857158 1.6443026 -0.0195433 0.0359588 -0.0026658 0.9991586
301.500000 0.1569495 0.0890079 1.8448571 -0.0019445 0.0699808 -0.0167619 0.9974056
301.733333 0.1870232 0.1090082 2.0003414 -0.0062888 0.0462131 0.0081268 0.9988788
302.000000 0.2219784 0.0931997 2.1636500 0.0014997 0.0640894 0.0061079 0.9979243
302.266667 0.2166211 0.1179406 2.3419833 -0.0070333 0.0773150 -0.0145410 0.9968759
302.533333 0.2186151 0.1070217 2.5173492 0.0019023 0.0722925 -0.0181545 0.9972164
302.766667 0.2323418 0.1264256 2.6756227 0.0108790 0.0492986 -0.0035675 0.9987184
303.000000 0.2571377 0.1169866 2.8249235 0.0190115 0.0473132 -0.0010774 0.9986986
303.266667 0.2606038 0.1463133 3.0298684 -0.0103557 0.0583934 -0.0033727 0.9982342
303.566667 0.2690013 0.1368202 3.2371850 -0.0100043 0.0675346 -0.0097380 0.9976193
303.866667 0.3022623 0.1560596 3.4521749 -0.0053047 0.0523222 0.0124309 0.9985388
304.133333 0.3027650 0.1441574 3.6512918 -0.0193437 0.0537453 -0.0071644 0.9983416
304.400000 0.3044371 0.1750513 3.8421030 0.0041976 0.0659339 -0.0106594 0.9977582
304.700000 0.3148783 0.1705717 4.0571365 -0.0074149 0.0776730 0.0011495 0.9969506
304.966667 0.3336886 0.1786085 4.2508564 -0.0035158 0.0462020 0.0109378 0.9988660
305.233333 0.3351598 0.1855832 4.4428358 -0.0108474 0.0686253 -0.0016358 0.9975822
305.533333 0.3320154 0.1910353 4.6693544 -0.0114367 0.0551812 -0.0054670 0.9983959
305.833333 0.3486198 0.2126223 4.8906312 -0.0071777 0.0444346 0.0044988 0.9989763
306.100000 0.3543105 0.1962300 5.0784550 -0.0004077 0.0355235 -0.0059185 0.9993512
306.366667 0.3498688 0.2195580 5.2564864 0.0090695 0.0333791 -0.0131559 0.9993150
306.600000 0.3498336 0.2092033 5.4275656 0.0073315 0.0271136 -0.0044582 0.9995955
306.866667 0.3630221 0.2329642 5.6092739 0.0167428 0.0044879 0.0079616 0.9998180
307.100000 0.3723534 0.2197757 5.7761807 0.0182571 0.0080883 0.0020803 0.9997984
307.333333 0.3661277 0.2490674 5.9441695 0.0114236 0.0079168 -0.0038620 0.9998959
307.600000 0.3581775 0.2451385 6.1397390 0.0156558 0.0238785 -0.0105538 0.9995366
307.833333 0.3666763 0.2627447 6.3083825 0.0134121 0.0095197 0.0088484 0.9998256
308.100000 0.3698166 0.2631730 6.5057092 0.0072548 0.0093102 -0.0086035 0.9998933
308.333333 0.3691703 0.2820627 6.6560388 0.0107974 0.0185958 -0.0108479 0.9997099
308.600000 0.3732840 0.2746291 6.8440070 0.0191847 0.0434678 -0.0136399 0.9987774
308.833333 0.3907486 0.2937214 6.9960175 0.0294873 0.0315136 0.0091771 0.9990261
309.066667 0.4005566 0.2870683 7.1635909 0.0258972 0.0200542 -0.0010941 0.9994628
309.300000 0.4043919 0.2991653 7.3303967 0.0097767 0.0154160 -0.0044674 0.9998234
309.566667 0.4083406 0.2993049 7.5299325 0.0017960 0.0401979 -0.0088753 0.9991507
309.800000 0.4117881 0.3174269 7.7111626 -0.0065924 0.0192064 0.0083583 0.9997589
310.033333 0.4192041 0.3164267 7.8725390 0.0070277 0.0160593 0.0002091 0.9998463
310.266667 0.4124860 0.3208218 8.0371923 0.0035030 0.0083817 -0.0072493 0.9999325
310.500000 0.4020539 0.3457882 8.2072296 0.0223464 0.0347906 -0.0164482 0.9990094
310.800000 0.4095730 0.3475844 8.4327049 0.0145128 0.0384623 -0.0034572 0.9991487
311.033333 0.4163084 0.3561317 8.6106462 0.0125610 0.0371665 -0.0041812 0.9992214
311.266667 0.3966299 0.3619641 8.7810469 0.0126302 0.0187277 -0.0117763 0.9996755
311.500000 0.3814982 0.3830695 8.9569521 0.0223498 0.0298460 -0.0059360 0.9992869
311.733333 0.3920884 0.3673257 9.1307096 0.0046527 0.0512559 0.0037524 0.9986677
311.966667 0.3907955 0.3961561 9.3193531 0.0181918 0.0342991 0.0088054 0.9992073
312.200000 0.3949649 0.3795761 9.4800520 0.0061630 0.0232481 -0.0062513 0.9996912
312.433333 0.3938874 0.4080866 9.6494055 0.0041443 0.0166024 -0.0066627 0.9998314
312.666667 0.3982466 0.3869733 9.8219128 0.0041215 0.0282478 -0.0041024 0.9995840
312.933333 0.4232548 0.4109713 10.0186453 0.0077016 0.0311470 0.0143444 0.9993822
313.200000 0.4224881 0.3968944 10.2121773 -0.0162178 0.0271124 0.0001198 0.9995008
313.433333 0.4210338 0.4248143 10.3706350 -0.0037563 0.0280894 -0.0031559 0.9995934
313.666667 0.4221576 0.4105972 10.5452728 -0.0106638 0.0326703 -0.0018815 0.9994075
313.900000 0.4402428 0.4344705 10.7053404 0.0055687 0.0260575 0.0162476 0.9995129
314.133333 0.4543184 0.4233912 10.8827410 -0.0042417 0.0150424 0.0178819 0.9997180
314.366667 0.4558067 0.4435217 11.0442381 -0.0015200 0.0249090 0.0103863 0.9996346
314.600000 0.4598493 0.4414881 11.2145929 0.0023211 0.0468281 -0.0009341 0.9988998
314.833333 0.4754137 0.4483558 11.3817883 -0.0011361 0.0431322 0.0216321 0.9988345
315.066667 0.5044491 0.4443172 11.5319223 0.0033093 0.0092007 0.0252045 0.9996345
315.300000 0.5026175 0.4617647 11.7040749 -0.0136566 0.0397425 0.0166504 0.9989778
315.533333 0.5028728 0.4880842 11.8671083 0.0024079 0.0322794 0.0103535 0.9994224
315.766667 0.5141150 0.4803304 12.0319328 -0.0124055 0.0539454 0.0086968 0.9984289
316.033333 0.5321329 0.4962090 12.2242432 -0.0248251 0.0378854 0.0140641 0.9988747
316.300000 0.5320035 0.5040933 12.4103718 -0.0227519 0.0217028 0.0112662 0.9994420
316.533333 0.5348971 0.5222781 12.5663061 -0.0050614 0.0140964 0.0094296 0.9998434
316.800000 0.5452805 0.5199402 12.7605476 -0.0233771 0.0170661 0.0127109 0.9995002
317.100000 0.5628434 0.5233953 12.9650784 -0.0056045 0.0149077 0.0008907 0.9998727
317.333333 0.5623013 0.5339229 13.1386652 -0.0125512 0.0323315 -0.0050860 0.9993855
317.566667 0.5657410 0.5462590 13.2987747 0.0161537 0.0443977 -0.0071870 0.9988575
317.800000 0.5759267 0.5428327 13.4721870 0.0055595 0.0229755 0.0058183 0.9997036
318.033333 0.5793930 0.5664102 13.6556654 0.0048652 -0.0030647 0.0039795 0.9999756
318.300000 0.5851258 0.5563741 13.8310862 -0.0000299 0.0122715 0.0069505 0.9999005
318.533333 0.5796530 0.5721396 13.9757338 0.0320259 0.0205709 -0.0013543 0.9992744
318.800000 0.5671779 0.5837938 14.1864262 0.0146679 0.0269067 0.0093187 0.9994869
319.100000 0.5624254 0.5938537 14.4047384 0.0021883 0.0059814 0.0068749 0.9999561
319.366667 0.5378599 0.6129901 14.6051245 -0.0182761 0.0062071 0.0020809 0.9998115
319.600000 0.5231332 0.6188630 14.7716675 -0.0094964 0.0194197 -0.0007548 0.9997661
319.833333 0.5072942 0.6315617 14.9576197 -0.0201970 0.0149271 -0.0032698 0.9996793
320.100000 0.5089315 0.6478786 15.1548433 -0.0151767 -0.0119476 0.0054865 0.9997984
320.366667 0.5014932 0.6649342 15.3485870 -0.0187824 -0.0078722 -0.0035086 0.9997864
320.633333 0.5013425 0.6692815 15.5428734 -0.0106515 0.0140512 -0.0049503 0.9998323
320.900000 0.4898233 0.6946986 15.7509708 -0.0124217 -0.0076774 0.0063441 0.9998732
321.266667 0.4945711 0.6877284 16.0247669 -0.0271179 -0.0264240 0.0037932 0.9992757
321.533333 0.4868953 0.7130551 16.2130985 0.0019299 -0.0068556 -0.0042219 0.9999657
321.766667 0.4760901 0.7047725 16.3903637 -0.0056586 0.0001059 -0.0058373 0.9999669
322.033333 0.4807734 0.7268621 16.5824699 0.0093242 -0.0030978 0.0015379 0.9999505
322.300000 0.4774279 0.7255718 16.7763519 -0.0038901 -0.0043941 0.0054573 0.9999679
322.533333 0.4598446 0.7513845 16.9497242 0.0074217 0.0050968 0.0022442 0.9999570
322.833333 0.4541046 0.7438842 17.1706715 -0.0058731 0.0094633 0.0033107 0.9999325
323.066667 0.4552202 0.7603085 17.3534756 -0.0127752 0.0060765 0.0028345 0.9998959
323.333333 0.4496959 0.7550474 17.5408936 -0.0193427 -0.0004081 -0.0041262 0.9998043
323.566667 0.4456081 0.7764014 17.7112598 -0.0100244 0.0157772 -0.0042484 0.9998162
323.800000 0.4607433 0.7680479 17.8898582 -0.0205321 0.0250288 0.0129308 0.9993922
324.066667 0.4832415 0.7880060 18.0966549 -0.0170542 0.0376844 0.0212068 0.9989191
324.400000 0.4892200 0.8000119 18.3486786 -0.0252595 0.0275494 0.0097619 0.9992536
324.700000 0.4977122 0.7979612 18.5654221 -0.0181475 0.0383073 0.0017763 0.9990996
324.966667 0.5001337 0.8277692 18.7678967 -0.0091702 0.0295767 0.0053760 0.9995060
325.266667 0.5068204 0.8192590 18.9941196 -0.0209339 0.0183655 0.0123434 0.9995360
325.533333 0.5013269 0.8519986 19.1893044 -0.0070545 0.0253886 0.0089366 0.9996128
325.800000 0.5097819 0.8440982 19.3965454 -0.0156399 0.0602650 0.0097358 0.9980124
326.133333 0.5419835 0.8586302 19.6423683 -0.0142650 0.0421875 0.0227347 0.9987491
326.433333 0.5481672 0.8882399 19.8664818 -0.0150196 0.0452161 0.0202356 0.9986593
326.733333 0.5679559 0.8900623 20.0928574 -0.0222351 0.0806559 0.0056022 0.9964782
327.000000 0.5985712 0.9175743 20.2832184 -0.0152205 0.0746507 0.0133803 0.9970038
327.266667 0.6150085 0.9133721 20.4858742 -0.0207461 0.0493740 0.0101736 0.9985130
327.533333 0.6336266 0.9476379 20.6758728 -0.0147368 0.0516767 -0.0112131 0.9984922
327.800000 0.6493602 0.9558153 20.8963852 -0.0440658 0.0332720 0.0022640 0.9984719
328.066667 0.6692812 0.9813498 21.0950565 -0.0197807 0.0244139 0.0177371 0.9993488
328.366667 0.6808940 0.9907891 21.3152180 -0.0305732 0.0246602 0.0137166 0.9991341
328.633333 0.7003031 0.9940362 21.5063686 -0.0186362 0.0657655 0.0100739 0.9976102
329.133333 0.7453638 1.0169812 21.8817978 -0.0132541 0.0601881 0.0168097 0.9979575
329.533333 0.7648150 1.0492754 22.1577148 -0.0147875 0.0523450 0.0120955 0.9984463
329.800000 0.7959142 1.0386134 22.3601208 -0.0297729 0.0821264 0.0183636 0.9960078
330.100000 0.8307243 1.0492896 22.5730953 -0.0133980 0.0732944 0.0060363 0.9972021
330.333333 0.8489067 1.0496843 22.7413368 -0.0236758 0.0565849 -0.0013712 0.9981161
330.633333 0.8809365 1.0577953 22.9476166 -0.0095701 0.0375761 -0.0022087 0.9992455
330.933333 0.9206146 1.0812035 23.1687050 -0.0118442 0.0567819 0.0075995 0.9982874
331.233333 0.9519754 1.0822247 23.3942547 -0.0175055 0.0296744 0.0021924 0.9994039
331.533333 0.9687350 1.1172056 23.5968800 0.0035460 0.0275633 -0.0080542 0.9995813
331.833333 0.9887556 1.1144217 23.8212032 -0.0071611 0.0514586 -0.0034057 0.9986436
332.100000 1.0076905 1.1416538 24.0308552 -0.0171631 0.0260264 0.0139821 0.9994161
332.366667 1.0150249 1.1451231 24.2291241 -0.0318705 0.0078151 0.0084058 0.9994261
332.600000 1.0240257 1.1694939 24.3940468 -0.0060899 0.0310964 0.0056162 0.9994820
332.833333 1.0510442 1.1664896 24.5768070 -0.0239782 0.0583213 0.0187612 0.9978335
