4166.666667 -0.0731544 -0.0269799 0.0200314 -0.0002309 0.0004459 -0.0005202 0.9999998
4166.700000 -0.0733165 -0.0306967 0.0462193 -0.0026476 -0.0032206 -0.0022465 0.9999888
4166.733333 -0.0726806 -0.0326916 0.0725047 -0.0053016 -0.0051267 -0.0031131 0.9999679
4166.800000 -0.0734524 -0.0278858 0.1278079 -0.0095870 -0.0091498 -0.0034664 0.9999062
4166.833333 -0.0731130 -0.0233395 0.1542652 -0.0100717 -0.0144428 -0.0030057 0.9998404
4166.900000 -0.0690449 -0.0101133 0.2080091 -0.0067210 -0.0227085 -0.0014268 0.9997185
4167.000000 -0.0575642 -0.0034832 0.2821393 -0.0009269 -0.0258719 -0.0000465 0.9996648
4167.066667 -0.0492829 -0.0089296 0.3348102 0.0009379 -0.0048047 -0.0005199 0.9999879
4167.133333 -0.0355288 -0.0209989 0.3855972 0.0014151 0.0188304 0.0004770 0.9998216
4167.200000 -0.0234919 -0.0272322 0.4391191 0.0004525 0.0490265 0.0014280 0.9987963
4167.300000 -0.0132129 -0.0193985 0.5251447 -0.0009240 0.0658218 0.0035206 0.9978247
4167.400000 -0.0058420 0.0015056 0.6125135 0.0054891 0.0520225 0.0040761 0.9986225
4167.500000 0.0119178 0.0034269 0.6906034 0.0090825 0.0456707 0.0082213 0.9988815
4167.600000 0.0218907 -0.0111269 0.7727339 -0.0002316 0.0280356 0.0112504 0.9995436
4167.700000 0.0232502 -0.0153943 0.8609263 -0.0153968 0.0262454 0.0116990 0.9994685
4167.800000 0.0315824 -0.0066422 0.9344481 -0.0141587 0.0083487 0.0146369 0.9997578
4167.933333 0.0387134 0.0074295 1.0308993 0.0028212 0.0291816 -0.0022118 0.9995677
4168.066667 0.0511965 -0.0046454 1.1384460 0.0035657 0.0557798 -0.0168796 0.9982941
4168.200000 0.0670375 -0.0122952 1.2541624 -0.0085145 0.0672913 -0.0175708 0.9975423
4168.333333 0.0912385 0.0070544 1.3621393 -0.0020191 0.0693451 -0.0076601 0.9975613
4168.466667 0.1164495 0.0097802 1.4682761 0.0029974 0.0649156 -0.0014808 0.9978852
4168.600000 0.1326863 -0.0101519 1.5729728 -0.0050428 0.0468552 0.0013233 0.9988881
4168.733333 0.1383051 -0.0068236 1.6795199 -0.0168122 0.0282055 -0.0021067 0.9994586
4168.866667 0.1420042 0.0151995 1.7809198 -0.0098936 0.0063536 -0.0109343 0.9998711
4169.033333 0.1563915 0.0038099 1.9151576 -0.0071031 0.0310345 -0.0165588 0.9993559
4169.166667 0.1757472 -0.0075810 2.0246811 -0.0187782 0.0578042 -0.0109025 0.9980918
4169.333333 0.1860171 0.0134547 2.1617408 -0.0117810 0.0634907 -0.0077092 0.9978831
4169.500000 0.1912778 0.0080832 2.2914813 0.0009149 0.0404856 -0.0078875 0.9991485
4169.666667 0.1974015 -0.0044809 2.4212775 -0.0120625 0.0150698 -0.0024117 0.9998108
4169.866667 0.1903952 0.0209021 2.5678926 0.0090666 0.0099572 -0.0104538 0.9998547
4170.033333 0.1895488 0.0081509 2.7024758 0.0052368 0.0375597 -0.0096071 0.9992345
4170.200000 0.1969163 0.0055097 2.8411696 -0.0124738 0.0464274 0.0003090 0.9988437
4170.366667 0.1936931 0.0308539 2.9836507 -0.0054700 0.0269523 0.0066499 0.9995996
4170.500000 0.1881665 0.0096642 3.0949905 -0.0096475 0.0099569 0.0080954 0.9998711
4170.633333 0.1784262 0.0023633 3.1990318 -0.0205619 0.0025308 0.0065602 0.9997638
4170.766667 0.1675233 0.0238134 3.2979360 -0.0172557 -0.0104597 0.0013951 0.9997954
4170.900000 0.1668625 0.0312578 3.3950200 -0.0106488 0.0050402 -0.0039279 0.9999229
4171.066667 0.1732177 0.0103160 3.5316510 -0.0221586 0.0414942 -0.0035991 0.9988865
4171.200000 0.1738486 0.0244568 3.6424620 -0.0197525 0.0485940 0.0063120 0.9986033
4171.366667 0.1833256 0.0419251 3.7749209 0.0047652 0.0319591 0.0129343 0.9993941
4171.533333 0.1978005 0.0294820 3.9090004 0.0074435 0.0009993 0.0151888 0.9998564
4171.700000 0.1909659 0.0385751 4.0547338 -0.0154569 -0.0031644 0.0167834 0.9997346
4171.866667 0.1885760 0.0644127 4.1846161 -0.0011150 0.0179602 0.0052336 0.9998244
4172.033333 0.2007722 0.0483020 4.3223958 -0.0105995 0.0592747 -0.0013216 0.9981846
4172.200000 0.2109473 0.0610871 4.4624143 -0.0059176 0.0823801 0.0036120 0.9965768
4172.366667 0.2173600 0.0849833 4.6090746 0.0095686 0.0717514 0.0071863 0.9973508
4172.533333 0.2289907 0.0657935 4.7521300 -0.0037515 0.0772310 0.0028067 0.9970022
4172.700000 0.2148660 0.0913533 4.8958902 0.0007249 0.0318359 -0.0020680 0.9994907
4172.900000 0.2387655 0.0942048 5.0517936 0.0021225 0.0424713 -0.0004906 0.9990953
4173.100000 0.2693207 0.0826416 5.2159672 -0.0132149 0.0619097 0.0015633 0.9979931
4173.300000 0.2869122 0.1116423 5.3877492 -0.0052264 0.0517254 0.0028666 0.9986436
4173.500000 0.3210583 0.0856232 5.5454245 -0.0266087 0.0727441 0.0071226 0.9969702
4173.666667 0.3114236 0.1131661 5.6881032 -0.0240305 0.0331852 0.0019974 0.9991583
4173.866667 0.3286112 0.1210580 5.8526258 -0.0189260 0.0420124 -0.0068254 0.9989145
4174.033333 0.3781720 0.0949953 5.9662313 -0.0230248 0.0543392 0.0049882 0.9982446
4174.233333 0.3972012 0.1282929 6.1297479 0.0074495 0.0668927 0.0104713 0.9976774
4174.433333 0.4363676 0.1055312 6.2822533 0.0057956 0.0414807 0.0095697 0.9990767
4174.633333 0.4317594 0.1309525 6.4516034 0.0044221 0.0132383 0.0010318 0.9999021
4174.833333 0.4537518 0.1415722 6.6083398 0.0137469 0.0672526 -0.0067004 0.9976188
4175.033333 0.4945438 0.1223081 6.7653117 -0.0100288 0.0523326 -0.0025008 0.9985762
4175.233333 0.5098174 0.1530930 6.9399552 0.0023937 0.0545726 0.0063692 0.9984866
4175.433333 0.5444846 0.1259764 7.0911088 -0.0134416 0.0250213 0.0110137 0.9995359
4175.600000 0.5467557 0.1514920 7.2186575 -0.0105054 0.0075316 -0.0018566 0.9999147
4175.766667 0.5815735 0.1470644 7.3266587 0.0000606 0.0277140 -0.0081317 0.9995828
4175.933333 0.5960613 0.1391841 7.4643879 0.0073532 0.0741204 -0.0053308 0.9972079
4176.100000 0.6215438 0.1605277 7.5933847 0.0145198 0.0912311 0.0053905 0.9957093
4176.300000 0.6455340 0.1660434 7.7628336 0.0118122 0.0725461 0.0101450 0.9972435
4176.500000 0.6691020 0.1566792 7.9221492 -0.0156215 0.0444999 0.0162717 0.9987547
4176.666667 0.6731797 0.1820941 8.0521593 -0.0068504 0.0485747 0.0053373 0.9987818
4176.833333 0.6928163 0.1644483 8.1841812 -0.0127280 0.0599360 0.0048944 0.9981091
4177.033333 0.7170855 0.1719120 8.3441076 -0.0160681 0.0816303 0.0130501 0.9964477
4177.233333 0.7354017 0.1823269 8.5002089 -0.0034675 0.0641381 0.0127529 0.9978535
4177.433333 0.7522966 0.1675009 8.6651325 -0.0203696 0.0390598 0.0201487 0.9988260
4177.633333 0.7611927 0.1978636 8.8250198 -0.0141116 0.0318443 0.0236775 0.9991127
4177.833333 0.7751357 0.1731715 8.9783134 -0.0133050 0.0830831 0.0118606 0.9963832
4178.033333 0.7805716 0.1956721 9.1390066 -0.0009490 0.0773405 0.0134270 0.9969139
4178.233333 0.8004043 0.1956669 9.2892141 0.0156392 0.0574953 0.0168760 0.9980806
4178.433333 0.8006953 0.1882829 9.4435701 0.0074211 0.0610222 0.0036525 0.9981021
4178.600000 0.8083292 0.2128051 9.5736504 0.0123585 0.0519340 -0.0023958 0.9985712
4178.800000 0.8345447 0.1925639 9.7351484 -0.0012282 0.0631731 -0.0029248 0.9979975
4179.000000 0.8754767 0.2092728 9.8874969 -0.0011375 0.0888983 -0.0029328 0.9960358
4179.200000 0.8911827 0.2232745 10.0656357 -0.0015422 0.1022196 -0.0027051 0.9947570
4179.400000 0.9092999 0.2147646 10.2195320 -0.0153360 0.0724268 -0.0068647 0.9972322
4179.566667 0.9248985 0.2337669 10.3410215 -0.0026311 0.0454871 -0.0079225 0.9989300
4179.733333 0.9494370 0.2246102 10.4751520 -0.0115708 0.0800823 -0.0166662 0.9965817
4179.900000 0.9733654 0.2235511 10.6094494 -0.0232022 0.0700865 -0.0060989 0.9972524
4180.066667 1.0038996 0.2412756 10.7381716 -0.0045987 0.0889143 0.0080914 0.9959958
4180.233333 1.0280987 0.2106611 10.8662519 -0.0059626 0.0764663 0.0095833 0.9970083
4180.400000 1.0238715 0.2166845 10.9982557 -0.0024732 0.0632931 0.0041841 0.9979832
4180.600000 1.0234686 0.2384820 11.1556406 0.0054834 0.0600576 -0.0107713 0.9981217
4180.766667 1.0493492 0.2150621 11.2843542 0.0018059 0.0734057 -0.0014283 0.9972995
4180.966667 1.0662169 0.2442801 11.4481201 0.0113230 0.0997781 0.0017906 0.9949437
4181.166667 1.0757774 0.2409528 11.6121540 0.0195689 0.0643732 -0.0028881 0.9977298
4181.366667 1.0847704 0.2373831 11.7736769 0.0052246 0.0482279 -0.0103730 0.9987688
4181.533333 1.0880958 0.2639610 11.9043722 0.0163423 0.0520982 -0.0225725 0.9982530
4181.700000 1.1021541 0.2425091 12.0435057 0.0043009 0.0547330 -0.0206352 0.9982785
4181.866667 1.1150643 0.2539440 12.1811190 0.0034282 0.0720699 -0.0143756 0.9972901
4182.033333 1.1312860 0.2650276 12.3192167 0.0114751 0.0783536 -0.0042495 0.9968506
4182.200000 1.1381572 0.2490954 12.4597158 0.0019691 0.0647341 -0.0001403 0.9979006
4182.366667 1.1237428 0.2648219 12.5973921 0.0028507 0.0097034 -0.0021393 0.9999466
4182.533333 1.1211265 0.2767010 12.7265844 0.0144357 0.0260903 -0.0079145 0.9995240
4182.700000 1.1366502 0.2493702 12.8575268 0.0034594 0.0183673 -0.0024065 0.9998224
4182.900000 1.1433527 0.2774907 13.0259151 0.0136579 0.0462392 0.0051235 0.9988239
4183.100000 1.1763017 0.2679016 13.1888084 0.0064482 0.0426694 0.0173901 0.9989171
4183.266667 1.1757843 0.2712637 13.3347178 -0.0038804 0.0522530 0.0167785 0.9984854
4183.433333 1.1683474 0.2960605 13.4747171 0.0049995 0.0777608 -0.0091197 0.9969178
4183.600000 1.1728131 0.2848300 13.6210461 -0.0025975 0.0659261 -0.0097585 0.9977734
4183.733333 1.1881523 0.2756171 13.7125731 -0.0020211 0.0443918 -0.0042616 0.9990031
4183.833333 1.2010052 0.2945633 13.7925711 0.0149365 0.0719314 -0.0005928 0.9972975
4183.966667 1.2162555 0.2983241 13.8991871 0.0289147 0.0513372 0.0053073 0.9982486
4184.066667 1.2337756 0.2796815 13.9762516 0.0238587 0.0356824 0.0096803 0.9990314
4184.200000 1.2448152 0.2816771 14.0901327 0.0111251 0.0357502 0.0102942 0.9992458
4184.333333 1.2483711 0.3040814 14.1963253 0.0155922 0.0367658 -0.0005985 0.9992021
4184.466667 1.2538077 0.3073743 14.3067360 0.0139342 0.0532227 -0.0098399 0.9984370
4184.566667 1.2645507 0.2976657 14.3960114 0.0068232 0.0796894 -0.0142613 0.9966944
4184.666667 1.2738866 0.3001792 14.4863033 -0.0005823 0.0754315 -0.0127587 0.9970692
4184.766667 1.2913381 0.3133985 14.5644770 0.0055901 0.0790843 -0.0065824 0.9968305
4184.900000 1.3057927 0.3318499 14.6915159 0.0122596 0.0862760 -0.0018498 0.9961941
4185.066667 1.3332537 0.3077311 14.8255863 0.0008499 0.0492456 0.0046524 0.9987755
4185.200000 1.3322790 0.3218740 14.9457664 -0.0083268 0.0379986 0.0000734 0.9992431
4185.400000 1.3411303 0.3415056 15.1059437 0.0001572 0.0326025 -0.0173035 0.9993186
4185.566667 1.3602980 0.3220216 15.2549448 -0.0027601 0.0583717 -0.0236013 0.9980121
4185.733333 1.3904729 0.3518626 15.3966017 0.0023434 0.0662762 -0.0111665 0.9977361
4185.900000 1.4168328 0.3528006 15.5382271 0.0140993 0.0726197 0.0041671 0.9972513
4186.066667 1.4305980 0.3315776 15.6734047 0.0010060 0.0656959 -0.0000004 0.9978392
4186.233333 1.4297040 0.3587092 15.8114014 -0.0016268 0.0582436 -0.0083058 0.9982665
4186.400000 1.4416876 0.3504608 15.9435434 -0.0004571 0.0711360 -0.0128358 0.9973840
4186.566667 1.4636362 0.3431063 16.0833664 -0.0144627 0.0571034 -0.0055914 0.9982479
4186.733333 1.4867626 0.3710231 16.2147713 0.0018429 0.0741099 0.0024158 0.9972454
4186.866667 1.5059100 0.3647797 16.3224335 0.0112850 0.0589581 0.0080786 0.9981640
4187.066667 1.5177677 0.3568892 16.4784508 -0.0028459 0.0366673 0.0061923 0.9993043
4187.233333 1.5363030 0.3830158 16.5978336 0.0051606 0.0048531 0.0072556 0.9999486
4187.400000 1.5581348 0.3653210 16.7309017 0.0038119 0.0489422 0.0090222 0.9987536
4187.600000 1.5831795 0.3749707 16.8963490 -0.0022526 0.0555635 0.0151511 0.9983376
4187.766667 1.5984753 0.3886815 17.0369987 0.0073105 0.0535315 0.0124449 0.9984618
4187.966667 1.6044196 0.3653744 17.2062111 -0.0085714 0.0182192 0.0040475 0.9997891
4188.166667 1.6083978 0.3897527 17.3641434 -0.0085057 -0.0092021 -0.0066165 0.9998996
4188.366667 1.6165990 0.3753858 17.5250301 -0.0056637 0.0179455 -0.0150688 0.9997094
4188.533333 1.6418535 0.3769270 17.6589642 -0.0105886 0.0458795 -0.0077268 0.9988610
4188.700000 1.6577253 0.4030111 17.8011284 -0.0033856 0.0447742 0.0052467 0.9989776
4188.866667 1.6772320 0.3865493 17.9367390 -0.0044777 0.0460436 0.0116764 0.9988611
4189.033333 1.6811481 0.3902431 18.0788059 -0.0140705 0.0297931 0.0089011 0.9994174
4189.200000 1.6823781 0.4196803 18.2160416 -0.0018954 0.0147115 0.0014381 0.9998890
4189.366667 1.6980669 0.3969477 18.3594265 -0.0123747 0.0203368 -0.0004381 0.9997165
4189.500000 1.7129277 0.4043426 18.4683056 -0.0113078 0.0414751 0.0029002 0.9990714
4189.633333 1.7202671 0.4287566 18.5791187 0.0007396 0.0471365 0.0040298 0.9988800
4189.800000 1.7368556 0.4158280 18.7172871 0.0010150 0.0316856 0.0074884 0.9994693
4189.966667 1.7343314 0.4212547 18.8653240 -0.0157918 0.0023226 0.0122352 0.9997978
4190.133333 1.7506282 0.4339102 18.9898720 -0.0042009 -0.0075549 0.0059701 0.9999448
4190.300000 1.7551088 0.4204872 19.1237392 0.0023744 -0.0187641 -0.0039871 0.9998131
4190.466667 1.7856146 0.4225861 19.2497807 -0.0008692 0.0160330 0.0024959 0.9998680
4190.633333 1.8008339 0.4443283 19.3870316 0.0110523 0.0327849 0.0090547 0.9993603
4190.800000 1.8225653 0.4230820 19.5264359 -0.0102535 0.0219922 0.0126045 0.9996261
4190.966667 1.8194917 0.4413590 19.6679287 -0.0213251 0.0198314 0.0040968 0.9995675
4191.166667 1.8279179 0.4527936 19.8278084 -0.0088142 0.0380601 -0.0053301 0.9992223
4191.333333 1.8502777 0.4333172 19.9637642 -0.0185407 0.0488476 -0.0029938 0.9986296
4191.500000 1.8722175 0.4540821 20.0965710 -0.0056552 0.0714341 0.0083013 0.9973947
4191.700000 1.8890899 0.4488711 20.2692757 -0.0104784 0.0609920 0.0103448 0.9980296
4191.866667 1.8991616 0.4434488 20.4050465 -0.0313225 0.0417712 0.0039555 0.9986283
4192.033333 1.9098260 0.4710772 20.5325413 -0.0234752 0.0438682 -0.0045837 0.9987510
4192.233333 1.9325126 0.4534907 20.6870403 -0.0096776 0.0711061 -0.0058488 0.9974046
4192.433333 1.9619802 0.4736612 20.8552933 -0.0079339 0.0982741 0.0084130 0.9950922
4192.633333 1.9688067 0.4782132 21.0202217 0.0100894 0.0726561 0.0069632 0.9972817
4192.833333 1.9788678 0.4666118 21.1821918 -0.0114485 0.0507319 0.0024032 0.9986438
4193.033333 1.9928223 0.4928236 21.3309116 0.0038485 0.0301591 -0.0024393 0.9995347
4193.233333 2.0184488 0.4771314 21.5015011 -0.0070428 0.0472204 0.0020259 0.9988576
4193.466667 2.0463307 0.5089967 21.6973381 0.0011925 0.0442789 0.0181768 0.9988531
4193.666667 2.0737207 0.4933633 21.8545380 -0.0086924 0.0273684 0.0163673 0.9994536
4193.966667 2.0871248 0.5178271 22.0774403 -0.0059118 0.0135357 0.0033561 0.9998853
4194.200000 2.1108992 0.4944221 22.2658634 -0.0179911 0.0348282 -0.0001581 0.9992313
4194.433333 2.1330965 0.5237221 22.4524288 -0.0074074 0.0360417 0.0163139 0.9991897
4194.666667 2.1576657 0.5081865 22.6338406 -0.0153560 0.0174577 0.0141519 0.9996295
4194.900000 2.1633379 0.5280565 22.8120461 -0.0113791 -0.0011022 0.0012457 0.9999339
4195.133333 2.1892390 0.5149096 23.0066700 -0.0189242 0.0057613 0.0005287 0.9998042
4195.366667 2.2286468 0.5420042 23.2063999 -0.0283451 0.0322913 0.0125265 0.9989980
4195.600000 2.2584260 0.5346785 23.3938999 -0.0208641 0.0240725 0.0039948 0.9994845
4195.833333 2.2723217 0.5505860 23.5828018 -0.0373532 -0.0027682 -0.0007233 0.9992980
4196.066667 2.2882459 0.5582005 23.7781734 -0.0318278 0.0222833 -0.0139884 0.9991470
4196.300000 2.3307500 0.5662670 23.9677124 -0.0447662 0.0377881 0.0056726 0.9982665
4196.566667 2.3668382 0.5650516 24.1746368 -0.0278709 0.0166730 0.0202106 0.9992681
4196.733333 2.3738093 0.5615779 24.3025646 -0.0350865 0.0245520 0.0119471 0.9990112
4196.900000 2.3776736 0.5934613 24.4284115 -0.0192598 0.0288691 -0.0014708 0.9993966
4197.100000 2.4069157 0.5692783 24.5801048 -0.0128887 0.0375316 0.0015472 0.9992111
4197.266667 2.4188242 0.5819427 24.7073002 0.0017963 0.0554878 0.0013445 0.9984568
4197.433333 2.4321158 0.5980368 24.8364830 0.0215584 0.0494067 -0.0021988 0.9985436
4197.600000 2.4420364 0.5782683 24.9761906 -0.0005041 -0.0044555 -0.0002043 0.9999899
4197.766667 2.4487646 0.5988439 25.1130295 -0.0149796 -0.0068787 -0.0031068 0.9998593
4197.966667 2.4615672 0.6026412 25.2749557 -0.0187456 0.0399048 -0.0096712 0.9989808
4198.166667 2.4716172 0.5982684 25.4393654 -0.0231728 0.0264880 -0.0023599 0.9993777
4198.400000 2.5082645 0.6180808 25.6135998 0.0000732 -0.0036201 0.0175141 0.9998401
4198.600000 2.5228491 0.6045946 25.7764263 -0.0170214 -0.0308638 0.0200417 0.9991777
4198.833333 2.5167687 0.6442853 25.9633484 -0.0119519 -0.0264937 0.0076536 0.9995482
4199.066667 2.5319567 0.6282550 26.1664028 -0.0343490 -0.0082512 -0.0001558 0.9993758
4199.266667 2.5584962 0.6551281 26.3227348 -0.0161397 0.0059288 0.0223363 0.9996027
4199.466667 2.5739686 0.6421758 26.4906330 -0.0204985 -0.0141734 0.0259711 0.9993520
4199.666667 2.5732496 0.6469512 26.6443043 -0.0265736 -0.0193325 0.0112762 0.9993963
4199.866667 2.5757623 0.6634713 26.7969284 -0.0133297 -0.0626225 -0.0014090 0.9979473
4200.100000 2.5898161 0.6571551 26.9950314 -0.0310963 -0.0098008 0.0123452 0.9993921
4200.333333 2.6213863 0.6839424 27.1824131 -0.0113346 -0.0058176 0.0317867 0.9994135
4200.533333 2.6347389 0.6626483 27.3464069 -0.0307016 -0.0253589 0.0273754 0.9988318
4200.733333 2.6318097 0.6930533 27.5032692 -0.0172366 -0.0165570 0.0047986 0.9997028
4200.900000 2.6306548 0.6934030 27.6425476 -0.0131083 -0.0071459 -0.0027340 0.9998848
4201.066667 2.6538258 0.6850293 27.7736931 -0.0156865 0.0130483 0.0025657 0.9997885
4201.200000 2.6747324 0.7052312 27.8696365 -0.0014952 0.0260594 0.0071821 0.9996335
4201.400000 2.6922321 0.6988648 28.0336857 0.0074340 0.0089431 0.0130350 0.9998474
4201.666667 2.6862020 0.7214721 28.2539577 0.0009881 0.0031950 -0.0047343 0.9999832
4201.900000 2.7086151 0.7099874 28.4421940 -0.0121440 0.0062699 -0.0007455 0.9999063
4202.133333 2.7286756 0.7329490 28.6391487 -0.0173336 0.0185499 0.0146169 0.9995708
4202.333333 2.7512612 0.7394891 28.8111343 -0.0131061 0.0149493 0.0233803 0.9995289
4202.566667 2.7674873 0.7368287 28.9919014 -0.0260492 0.0058359 0.0158981 0.9995172
4202.800000 2.7706966 0.7559063 29.1880703 -0.0204467 0.0281664 -0.0002266 0.9993941
4203.033333 2.8045254 0.7409328 29.3700409 -0.0222572 0.0573183 0.0048196 0.9980962
4203.233333 2.8317046 0.7665069 29.5254955 0.0073769 0.0538259 0.0108654 0.9984640
4203.466667 2.8470843 0.7546582 29.7135181 -0.0061070 0.0541589 0.0076535 0.9984843
4203.666667 2.8560584 0.7915093 29.8754311 -0.0118506 0.0401190 0.0057064 0.9991083
4203.900000 2.8799319 0.7693804 30.0668392 -0.0238323 0.0680532 0.0038826 0.9973894
4204.133333 2.9116940 0.7929319 30.2518749 -0.0008254 0.0602865 0.0289178 0.9977618
4204.400000 2.9422078 0.7772338 30.4667568 -0.0168184 0.0412178 0.0243938 0.9987108
4204.633333 2.9454646 0.8145640 30.6597137 -0.0087861 0.0332016 0.0102681 0.9993573
4204.866667 2.9716320 0.8043732 30.8474846 -0.0142673 0.0569542 0.0050927 0.9982619
4205.100000 3.0105865 0.8342836 31.0351639 -0.0037224 0.0416894 0.0144147 0.9990197
4205.366667 3.0329022 0.8260477 31.2620087 -0.0319344 0.0357074 0.0160019 0.9987237
4205.600000 3.0513084 0.8598955 31.4435444 -0.0311323 0.0378301 0.0069807 0.9987747
4205.833333 3.0663462 0.8337100 31.6088181 -0.0329633 0.0366863 -0.0002532 0.9987830
4206.066667 3.0962119 0.8557700 31.7954388 -0.0186604 0.0605784 0.0241915 0.9976957
4206.266667 3.1107740 0.8536014 31.9759941 -0.0238732 0.0114145 0.0362684 0.9989917
4206.466667 3.1162784 0.8620347 32.1327972 -0.0319555 0.0130237 0.0321354 0.9988877
4206.700000 3.1320081 0.8669546 32.3078728 -0.0088230 0.0380809 0.0138071 0.9991403
4206.933333 3.1617217 0.8644085 32.5012817 -0.0127199 0.0727805 0.0154380 0.9971474
4207.133333 3.1822057 0.8876773 32.6691666 0.0041487 0.0732522 0.0223442 0.9970545
4207.333333 3.1779006 0.8761672 32.8434486 -0.0130803 0.0091955 0.0178317 0.9997132
4207.533333 3.2023487 0.8965729 32.9838257 -0.0046728 -0.0163988 0.0046020 0.9998440
4207.733333 3.2310908 0.8878338 33.1368980 -0.0032571 0.0172751 0.0013893 0.9998445
4207.933333 3.2591450 0.9064559 33.3057594 -0.0134656 0.0482114 0.0175242 0.9985926
4208.100000 3.2856121 0.9196265 33.4414520 -0.0055214 0.0352428 0.0243970 0.9990657
4208.266667 3.2967756 0.9010679 33.5761414 -0.0111114 0.0207843 0.0210736 0.9995001
4208.433333 3.2987404 0.9200376 33.7041702 -0.0034014 0.0260879 0.0066094 0.9996320
4208.600000 3.2939327 0.9362023 33.8419991 0.0057611 0.0423910 -0.0090110 0.9990438
4208.766667 3.3125086 0.9184252 33.9727173 0.0042834 0.0599862 -0.0076591 0.9981606
4208.966667 3.3345819 0.9470497 34.1336136 0.0207837 0.0669788 0.0074901 0.9975098
4209.133333 3.3494518 0.9452181 34.2769966 0.0147081 0.0377143 0.0123335 0.9991042
4209.333333 3.3525915 0.9548261 34.4445381 -0.0073380 0.0427215 0.0067767 0.9990371
4209.533333 3.3711472 0.9748792 34.5832558 0.0088841 0.0562502 -0.0076619 0.9983478
4209.733333 3.3839998 0.9513997 34.7440262 0.0051652 0.0742614 -0.0095887 0.9971793
4210.033333 3.4216444 0.9848012 34.9885292 0.0058544 0.0406489 0.0099498 0.9991068
4210.266667 3.4179380 0.9713004 35.1816025 -0.0083480 0.0216654 0.0017734 0.9997289
4210.500000 3.4424067 0.9922309 35.3496780 0.0016549 0.0018100 -0.0059967 0.9999790
4210.733333 3.4594502 0.9793153 35.5478516 -0.0136629 0.0362028 0.0045599 0.9992406
4210.966667 3.4849610 1.0097500 35.7471619 -0.0073092 0.0092950 0.0184561 0.9997597
4211.200000 3.5019126 0.9967683 35.9422646 -0.0255945 0.0144170 0.0088025 0.9995297
4211.433333 3.5277662 1.0277760 36.1250839 -0.0047535 0.0263088 -0.0007124 0.9996423
4211.666667 3.5685747 1.0013666 36.3083687 -0.0098652 0.0632044 0.0122364 0.9978768
4211.900000 3.5990002 1.0306393 36.4976730 0.0016089 0.0459545 0.0302003 0.9984856
4212.133333 3.6192245 1.0192465 36.6940308 -0.0392672 0.0263773 0.0211895 0.9986557
4212.433333 3.6345785 1.0608182 36.9235840 -0.0309063 0.0288873 -0.0012856 0.9991039
4212.666667 3.6673625 1.0405828 37.1175117 -0.0447385 0.0286670 0.0092550 0.9985445
4212.900000 3.7035561 1.0668017 37.3093719 -0.0250403 0.0364619 0.0349143 0.9984110
4213.133333 3.7107067 1.0496739 37.4983597 -0.0225620 0.0245698 0.0306064 0.9989747
4213.366667 3.6966848 1.0887849 37.6938820 -0.0137702 -0.0060889 0.0064220 0.9998660
4213.600000 3.7157967 1.0626408 37.8688850 -0.0063442 0.0241596 0.0070110 0.9996634
4213.833333 3.7172718 1.0965394 38.0648460 0.0030792 0.0523191 0.0089590 0.9985855
4214.100000 3.7098362 1.0805731 38.2837944 -0.0241402 0.0091256 0.0007396 0.9996666
4214.333333 3.6984618 1.1130751 38.4649391 -0.0145851 0.0112238 0.0014342 0.9998296
4214.566667 3.7148430 1.0940726 38.6566200 -0.0289452 0.0249734 0.0090435 0.9992281
4214.800000 3.7113693 1.1301209 38.8510399 -0.0154489 0.0063928 0.0233106 0.9995884
4215.033333 3.7276103 1.1142949 39.0361938 -0.0271512 -0.0062838 0.0283503 0.9992095
4215.266667 3.7101152 1.1463832 39.2123909 -0.0195938 -0.0035189 0.0002208 0.9998018
4215.500000 3.7292631 1.1248676 39.3987923 -0.0308699 0.0384801 -0.0063852 0.9987620
4215.700000 3.7476106 1.1501576 39.5530663 -0.0090039 0.0312244 0.0136944 0.9993780
4215.900000 3.7638769 1.1457548 39.7209320 -0.0018944 0.0188675 0.0204912 0.9996102
4216.133333 3.7803118 1.1483204 39.9074707 -0.0230444 -0.0146059 0.0100708 0.9995770
4216.366667 3.7717125 1.1702607 40.1093712 -0.0326565 -0.0042672 0.0062173 0.9994382
4216.533333 3.7918916 1.1572781 40.2269173 -0.0315269 0.0142677 0.0125509 0.9993222
4216.733333 3.8042800 1.1817902 40.3848991 -0.0257191 -0.0098521 0.0199282 0.9994220
4216.933333 3.8278434 1.1718359 40.5460434 -0.0380380 0.0013445 0.0328343 0.9987358
4217.100000 3.8323746 1.1835805 40.6789513 -0.0518924 -0.0091291 0.0421896 0.9977193
4217.266667 3.8305194 1.2069092 40.8137360 -0.0483712 0.0159897 0.0365723 0.9980316
4217.466667 3.8398111 1.2020166 40.9745255 -0.0532579 0.0252229 0.0405738 0.9974373
4217.633333 3.8486986 1.2163304 41.1061859 -0.0404510 0.0198596 0.0497446 0.9977449
4217.833333 3.8630092 1.2135992 41.2688446 -0.0367091 0.0054261 0.0482883 0.9981439
4218.066667 3.8622496 1.2241654 41.4430466 -0.0280484 0.0434973 0.0205404 0.9984485
4218.300000 3.8773134 1.2340317 41.6254463 -0.0182351 0.0493952 0.0145460 0.9985069
4218.533333 3.8960178 1.2399313 41.8066063 -0.0111050 0.0930383 0.0099842 0.9955505
4218.766667 3.9050193 1.2458845 41.9979820 0.0044838 0.0563679 0.0081780 0.9983665
4219.000000 3.9050837 1.2483859 42.1796455 -0.0061807 0.0187030 0.0001102 0.9998060
4219.233333 3.9228210 1.2604035 42.3579063 -0.0008991 0.0250758 0.0020928 0.9996830
4219.466667 3.9507217 1.2618155 42.5376587 -0.0163632 0.0585011 0.0088017 0.9981144
4219.833333 3.9641793 1.2668775 42.8375587 -0.0257554 0.0170719 0.0080873 0.9994898
4220.066667 3.9481738 1.3040169 43.0263023 -0.0144457 0.0351307 -0.0029110 0.9992741
4220.300000 3.9916179 1.2774647 43.1951065 -0.0215238 0.0784824 0.0067453 0.9966603
4220.533333 4.0122867 1.3043799 43.3863792 -0.0085430 0.0991726 0.0196326 0.9948398
4220.800000 4.0468354 1.2897869 43.5990677 -0.0140568 0.0390082 0.0221293 0.9988949
4221.033333 4.0420618 1.3295957 43.7846718 -0.0019015 0.0406825 0.0054108 0.9991556
4221.266667 4.0752974 1.3140610 43.9684029 -0.0219656 0.0426449 0.0101974 0.9987968
4221.500000 4.1023364 1.3500797 44.1529121 0.0012881 0.0519471 0.0374804 0.9979454
4221.733333 4.1440544 1.3296819 44.3361397 -0.0189133 0.0100847 0.0366726 0.9990975
4221.966667 4.1436191 1.3611053 44.5265274 -0.0223873 0.0217005 0.0190032 0.9993332
4222.200000 4.1783280 1.3459353 44.6900940 -0.0259116 0.0091557 0.0079781 0.9995905
4222.433333 4.1850147 1.3767554 44.8933029 -0.0203660 0.0268403 0.0196373 0.9992393
4222.666667 4.2268510 1.3711891 45.0730400 -0.0182026 0.0195145 0.0298913 0.9991968
4222.900000 4.2325144 1.3905298 45.2594948 -0.0234660 0.0262822 0.0234322 0.9991044
4223.133333 4.2564731 1.3989145 45.4405708 -0.0056840 0.0398395 0.0192008 0.9990054
4223.366667 4.2759719 1.3993484 45.6417084 -0.0216842 0.0716179 0.0187188 0.9970207
4223.600000 4.3002467 1.4270078 45.8346176 -0.0051068 0.0582556 0.0251831 0.9979709
4223.833333 4.3149257 1.4171486 46.0312309 -0.0375665 0.0381964 0.0302953 0.9981042
4224.066667 4.3110881 1.4440476 46.2123947 -0.0099569 0.0283059 0.0191050 0.9993671
4224.300000 4.3417845 1.4279009 46.3880081 -0.0235921 0.0321818 0.0198780 0.9990058
4224.533333 4.3744102 1.4611148 46.5637436 0.0053079 0.0502882 0.0315672 0.9982216
4224.766667 4.3898120 1.4439347 46.7482986 -0.0156468 0.0382384 0.0252322 0.9988275
4225.000000 4.4054861 1.4757003 46.9145050 -0.0036910 0.0286203 0.0158274 0.9994583
4225.233333 4.4139538 1.4633769 47.1121788 -0.0259670 0.0693201 0.0005075 0.9972563
4225.466667 4.4539747 1.4934367 47.2838173 -0.0171594 0.0888398 0.0152896 0.9957807
4225.700000 4.4680882 1.4801234 47.4694710 -0.0295949 0.0464438 0.0128161 0.9984002
4225.933333 4.4683714 1.5095762 47.6471558 -0.0326788 0.0116355 0.0061693 0.9993792
4226.166667 4.4905519 1.4970932 47.8217010 -0.0362192 0.0432485 0.0043518 0.9983981
4226.400000 4.5060625 1.5216864 47.9995689 -0.0293431 0.0443556 0.0122062 0.9985102
4226.633333 4.5421667 1.5201491 48.1692047 -0.0254857 0.0306011 0.0169122 0.9990636
4226.866667 4.5518093 1.5364065 48.3457527 -0.0414141 0.0351131 0.0071179 0.9984995
4227.100000 4.5776043 1.5403420 48.5123405 -0.0386061 0.0850848 0.0009267 0.9956251
4227.333333 4.6134028 1.5451438 48.6754951 -0.0298797 0.1366606 0.0063164 0.9901471
4227.566667 4.6520066 1.5559658 48.8446007 -0.0128811 0.1439436 0.0202165 0.9892955
4227.800000 4.6876440 1.5495450 48.9963036 -0.0275173 0.1371864 0.0146162 0.9900551
4228.033333 4.7304568 1.5766416 49.1571770 -0.0290712 0.1805179 0.0002375 0.9831420
4228.266667 4.7980638 1.5580933 49.3064880 -0.0367412 0.2542308 -0.0028752 0.9664412
4228.500000 4.8783631 1.5814242 49.4299316 -0.0190277 0.2692080 0.0076823 0.9628634
4228.733333 4.9664516 1.5643536 49.5614891 -0.0322499 0.3095928 -0.0004279 0.9503221
4228.966667 5.0583835 1.6021664 49.6837769 -0.0268518 0.3524726 -0.0027516 0.9354328
4229.200000 5.1691051 1.5932350 49.7902107 -0.0232645 0.4601707 -0.0147121 0.8874037
4229.400000 5.2851582 1.6292391 49.8825264 -0.0171503 0.5062123 -0.0127449 0.8621442
4229.600000 5.4085474 1.6348206 49.9466171 -0.0056782 0.5329698 -0.0010561 0.8461146
4229.800000 5.5224729 1.6322610 50.0206108 -0.0369950 0.5582922 0.0030404 0.8288136
4230.000000 5.6367230 1.6603955 50.0816460 -0.0309767 0.5796124 -0.0074324 0.8142694
4230.166667 5.7515950 1.6484226 50.1156921 -0.0369249 0.6409199 -0.0110077 0.7666401
4230.333333 5.8722939 1.6595941 50.1437111 -0.0409731 0.6893318 -0.0110305 0.7232020
4230.500000 5.9993277 1.6919178 50.1594200 -0.0250901 0.7153037 -0.0071640 0.6983265
4230.633333 6.0935884 1.6759329 50.1743240 -0.0309876 0.6938884 -0.0005110 0.7194153
4230.766667 6.1902390 1.6734130 50.1912880 -0.0477787 0.7219831 0.0037770 0.6902488
4230.900000 6.2850957 1.7028055 50.2133713 -0.0424622 0.7142451 -0.0016648 0.6986043
4231.066667 6.4062538 1.7069314 50.2238541 -0.0398816 0.7456433 -0.0092757 0.6650861
4231.233333 6.5245924 1.6863593 50.2198372 -0.0441458 0.7475073 -0.0029751 0.6627784
4231.400000 6.6472797 1.7119801 50.2160835 -0.0241959 0.7639496 -0.0044646 0.6448066
4231.566667 6.7753477 1.7132461 50.2148209 -0.0181424 0.7633448 -0.0094033 0.6456680
4231.733333 6.8954163 1.7003802 50.2195282 -0.0343620 0.7455830 0.0009012 0.6655257
4231.900000 7.0129809 1.7286271 50.2244415 -0.0369509 0.7272078 0.0092994 0.6853589
4232.100000 7.1550450 1.7218944 50.2287025 -0.0399721 0.7408862 0.0082540 0.6703893
4232.300000 7.3131585 1.7290345 50.2270622 -0.0385517 0.7535810 0.0153855 0.6560433
4232.500000 7.4519067 1.7421011 50.2149124 -0.0244693 0.7516139 0.0036639 0.6591392
4232.700000 7.6172023 1.7421110 50.2113075 -0.0385772 0.7607872 0.0042397 0.6478400
4232.900000 7.7583528 1.7702500 50.2220116 -0.0408945 0.7222021 -0.0042723 0.6904590
4233.100000 7.9136853 1.7557093 50.2145882 -0.0500178 0.7385855 -0.0018569 0.6722992
4234.100000 8.6653643 1.7878348 50.1885109 -0.0344342 0.7547345 -0.0032274 0.6551181
4234.300000 8.8344555 1.8245877 50.1766167 -0.0244319 0.7507547 -0.0004449 0.6601290
4234.733333 9.1643372 1.8383638 50.1223068 -0.0267158 0.7231503 0.0386748 0.6890894
4235.133333 9.4715633 1.8523418 50.0855560 -0.0401616 0.7595181 0.0346918 0.6483177
4237.266667 11.0861902 1.9626783 49.9462776 -0.0132955 0.7525787 0.0119526 0.6582595
4237.733333 11.4343348 1.9794213 49.9179916 -0.0289410 0.7349340 0.0001345 0.6775209
4240.833333 13.7614937 2.0838544 49.6882858 -0.0344262 0.7346576 -0.0117995 0.6774613
4243.900000 16.1064434 2.2154529 49.5002136 -0.0342839 0.7365143 0.0205506 0.6752399
4244.366667 16.4658108 2.2332284 49.4869232 -0.0271553 0.7198658 0.0193110 0.6933129
4244.833333 16.7979698 2.2559693 49.4415054 -0.0280119 0.7581646 0.0036546 0.6514510
4246.233333 17.8894825 2.3261445 49.3065605 -0.0244715 0.7594869 0.0177212 0.6498205
4248.200000 19.3196201 2.3770430 49.2167587 -0.0258913 0.7249848 -0.0089856 0.6882194
4248.433333 19.4901619 2.4020276 49.1976280 -0.0134497 0.7278291 -0.0164281 0.6854298
4248.666667 19.6753044 2.4030263 49.1828499 -0.0265357 0.7474243 -0.0119285 0.6637096
4250.100000 20.7503395 2.4539709 49.0007896 -0.0020938 0.7706023 0.0125810 0.6371887
4250.600000 21.1201687 2.4835253 48.9426727 -0.0420811 0.7750544 0.0103918 0.6304061
4251.066667 21.4706993 2.5081742 48.8945160 -0.0356936 0.7586817 0.0227893 0.6500836
4251.300000 21.6306744 2.5314157 48.8667259 -0.0316667 0.7569955 0.0049323 0.6526337
4251.533333 21.8072529 2.5231612 48.8450508 -0.0391397 0.7972191 0.0081720 0.6023645
4251.766667 21.9711285 2.5512547 48.8113708 -0.0182659 0.7910333 0.0046422 0.6114827
4252.000000 22.1404266 2.5357120 48.7874489 -0.0343019 0.7710700 0.0158506 0.6356282
4252.233333 22.3097649 2.5726032 48.7853775 -0.0412427 0.7663151 -0.0035130 0.6411301
4252.466667 22.4892540 2.5611787 48.7624474 -0.0478620 0.7840844 0.0035034 0.6187961
4252.700000 22.6572552 2.5909331 48.7270432 -0.0216337 0.7754498 0.0059545 0.6310104
4252.966667 22.8543339 2.5786495 48.6982079 -0.0379710 0.7689633 0.0197584 0.6378583
4253.466667 23.1934338 2.5998304 48.6595497 -0.0370250 0.7662287 -0.0055006 0.6414768
4253.933333 23.5195045 2.6075881 48.5856209 -0.0337314 0.7639558 0.0042889 0.6443720
4254.200000 23.7055187 2.6391549 48.5702667 -0.0341426 0.7618783 -0.0028556 0.6468135
4254.433333 23.8639431 2.6174977 48.5259132 -0.0278740 0.7890217 0.0004150 0.6137325
4254.666667 24.0339451 2.6621068 48.4883385 -0.0128990 0.7791129 0.0149430 0.6265728
4255.133333 24.3669739 2.6791871 48.4409676 -0.0189476 0.7709326 0.0111450 0.6365373
4255.366667 24.5385571 2.6742420 48.4117699 -0.0274667 0.7763470 0.0073704 0.6296639
4258.466667 26.8194237 2.8357835 48.1020393 -0.0541298 0.7899861 0.0116272 0.6106199
4258.766667 27.0418205 2.8556027 48.0636482 -0.0354155 0.7600011 0.0175717 0.6487182
4259.033333 27.2366333 2.8794198 48.0686188 -0.0578889 0.7316269 0.0194504 0.6789643
4259.300000 27.4201546 2.8811009 48.0804596 -0.0616495 0.7269162 -0.0005563 0.6839531
4259.533333 27.5948639 2.9113445 48.0977173 -0.0463104 0.6906931 0.0047737 0.7216478
4260.000000 27.8993111 2.9263208 48.1806145 -0.0289602 0.5266427 0.0285277 0.8491142
4260.233333 28.0211449 2.9395726 48.2445145 -0.0170030 0.5230100 -0.0075331 0.8521236
4260.500000 28.1866360 2.9555993 48.3351707 -0.0104244 0.4769029 0.0112775 0.8788218
4260.833333 28.3733349 2.9703596 48.4771004 -0.0031826 0.3754722 0.0352255 0.9261585
4261.066667 28.4707661 3.0098548 48.5939789 -0.0132609 0.3368892 0.0355000 0.9407814
4261.300000 28.5850620 3.0337284 48.7142334 -0.0108688 0.3578805 0.0333038 0.9331100
4261.800000 28.8240891 3.0531538 49.0102501 -0.0158808 0.3043977 0.0300753 0.9519377
4262.033333 28.8935070 3.0783510 49.1693649 -0.0233426 0.2337920 0.0181949 0.9718361
4262.266667 28.9706364 3.0888577 49.3153419 -0.0227146 0.2168777 0.0263801 0.9755779
4262.500000 29.0441170 3.0781085 49.4677963 -0.0372272 0.1813543 0.0514278 0.9813663
4262.766667 29.1120338 3.0820506 49.6429634 -0.0242474 0.1344685 0.0561824 0.9890267
4263.000000 29.1453629 3.0816185 49.8098679 -0.0272995 0.0994384 0.0499883 0.9934123
4263.300000 29.2068672 3.0734038 50.0239983 -0.0299568 0.0800850 0.0458678 0.9952814
4263.900000 29.3076954 3.0879495 50.4589729 -0.0092526 0.0873086 0.0453266 0.9951066
4264.166667 29.3239098 3.1190906 50.6566277 -0.0014255 0.0643253 0.0289371 0.9975083
4264.400000 29.3655739 3.0862536 50.8153305 -0.0150032 0.0876871 0.0291999 0.9956070
4264.766667 29.4292736 3.1039784 51.0910950 -0.0098404 0.0641480 0.0410064 0.9970490
4265.133333 29.4562321 3.1170907 51.3510704 -0.0028444 0.0618049 0.0305607 0.9976162
4265.366667 29.4988155 3.0931025 51.5245285 -0.0314911 0.1037946 0.0403286 0.9932817
4265.600000 29.5350838 3.1279140 51.7006989 -0.0191948 0.1083970 0.0528307 0.9925173
4265.833333 29.5671272 3.1119640 51.8808823 -0.0205517 0.0787515 0.0586430 0.9949557
4266.100000 29.5756989 3.1342609 52.0713692 -0.0111477 0.0548117 0.0465399 0.9973492
4266.333333 29.6087856 3.1147840 52.2492332 -0.0294044 0.0731312 0.0543048 0.9954086
4266.566667 29.6394386 3.1352935 52.4154282 -0.0170238 0.0840720 0.0607496 0.9944605
4266.800000 29.6595459 3.1259723 52.6019211 -0.0215492 0.0794920 0.0546215 0.9951046
4267.033333 29.6679478 3.1415772 52.7599564 -0.0230783 0.0570666 0.0327213 0.9975671
4267.266667 29.7059822 3.1205781 52.9269371 -0.0318014 0.0828692 0.0296049 0.9956129
4267.466667 29.7323990 3.1446006 53.0773430 -0.0271145 0.1028667 0.0426329 0.9934111
4267.700000 29.7661381 3.1468303 53.2497787 -0.0128823 0.0883700 0.0470125 0.9948943
4267.966667 29.7699623 3.1508336 53.4373016 -0.0165414 0.0387784 0.0429009 0.9981894
4268.200000 29.7825127 3.1474712 53.5994530 -0.0120001 0.0387679 0.0351388 0.9985581
4268.433333 29.7929325 3.1564224 53.7698441 -0.0172168 0.0737288 0.0415848 0.9962622
4268.666667 29.7951241 3.1727116 53.9406738 -0.0027007 0.0071580 0.0498225 0.9987288
4268.900000 29.7736874 3.1613307 54.1002045 -0.0030022 -0.0578208 0.0402413 0.9975111
4269.133333 29.7223587 3.2050331 54.2622681 0.0118800 -0.0987221 0.0115267 0.9949774
4269.366667 29.6991081 3.1820071 54.4140129 0.0094378 -0.1324057 0.0249844 0.9908357
4269.600000 29.6246681 3.2103703 54.5644798 0.0199609 -0.2447935 0.0396306 0.9685593
4269.833333 29.5496960 3.1681104 54.6917686 0.0001115 -0.3664789 0.0434158 0.9294129
4270.066667 29.4557362 3.1802921 54.7942276 0.0248699 -0.3933188 0.0330070 0.9184728
4270.300000 29.3405914 3.1387675 54.8758888 0.0465604 -0.4488171 0.0324173 0.8918208
4270.533333 29.2110023 3.1388345 54.9632492 0.0424029 -0.5080484 0.0471076 0.8589934
4270.766667 29.0826550 3.0964971 55.0284920 0.0322861 -0.5683413 0.0504501 0.8206099
4271.000000 28.9498234 3.0963097 55.0723495 0.0395069 -0.6148570 0.0433389 0.7864552
4271.233333 28.7939796 3.0723600 55.1152153 0.0280723 -0.6267359 0.0349244 0.7779424
4271.466667 28.6299248 3.0772679 55.1578331 0.0210439 -0.6224425 0.0473972 0.7809455
4271.700000 28.4637966 3.0629103 55.1928749 0.0360617 -0.6487530 0.0494051 0.7585369
4271.933333 28.2881031 3.0524209 55.2028046 0.0335853 -0.6963421 0.0315515 0.7162291
4272.166667 28.1176968 3.0460961 55.2260971 0.0309577 -0.6901236 0.0313682 0.7223483
4272.400000 27.9454079 3.0304441 55.2583275 0.0230240 -0.6551578 0.0358466 0.7542899
4272.633333 27.7948799 3.0344691 55.2852364 0.0264007 -0.6644852 0.0536327 0.7449067
4272.800000 27.6789227 3.0018973 55.2994881 0.0235060 -0.6728649 0.0465523 0.7379249
4273.000000 27.5314007 3.0090940 55.3053665 0.0248625 -0.7002782 0.0349684 0.7125795
4273.333333 27.2876415 2.9697390 55.3353348 0.0275548 -0.6543121 0.0270220 0.7552391
4273.666667 27.0297623 2.9738455 55.3659592 0.0450694 -0.6798765 0.0407901 0.7308029
4274.533333 26.3748341 2.9484465 55.4495049 0.0421454 -0.6817323 0.0446456 0.7290210
4274.933333 26.0808773 2.9249635 55.4761658 0.0404807 -0.7110948 0.0274109 0.7013944
4275.133333 25.9340382 2.9100585 55.4978905 0.0473789 -0.6739404 0.0358159 0.7363945
4275.366667 25.7473507 2.8991570 55.5233917 0.0408286 -0.6505994 0.0424189 0.7571355
4275.600000 25.5597553 2.8913171 55.5561066 0.0361262 -0.6769463 0.0492004 0.7334970
4275.833333 25.3797417 2.8766038 55.5710869 0.0265066 -0.6893626 0.0296731 0.7233230
4276.066667 25.2171326 2.8772471 55.5792656 0.0471100 -0.6812645 0.0283246 0.7299706
4276.266667 25.0585957 2.8517144 55.6145821 0.0399138 -0.6598890 0.0256085 0.7498651
4276.500000 24.8950462 2.8678606 55.6482201 0.0358164 -0.6562864 0.0478373 0.7521417
4276.733333 24.7108383 2.8333974 55.6656570 0.0167589 -0.6730053 0.0374120 0.7385008
4276.966667 24.5148506 2.8500609 55.6805458 0.0284108 -0.6733169 0.0298357 0.7382053
4277.200000 24.3461018 2.8075051 55.7079926 0.0331166 -0.6503446 0.0246888 0.7585155
4277.433333 24.1926174 2.8227603 55.7268944 0.0457721 -0.6579916 0.0437134 0.7503606
4277.700000 23.9776821 2.7815163 55.7390480 0.0413872 -0.6782483 0.0341527 0.7328710
4277.933333 23.8059082 2.7953718 55.7442780 0.0401679 -0.6922485 0.0316341 0.7198457
4278.166667 23.6333351 2.7564569 55.7626076 0.0267447 -0.6813093 0.0281856 0.7309637
4278.400000 23.4633923 2.7675967 55.7805443 0.0407815 -0.6590876 0.0486647 0.7493812
4278.633333 23.2975769 2.7308316 55.8102379 0.0319843 -0.6692190 0.0523161 0.7405308
4278.866667 23.1236496 2.7485356 55.8167343 0.0384096 -0.6803519 0.0464200 0.7304048
4279.100000 22.9457588 2.7168725 55.8453217 0.0265178 -0.6657572 0.0368340 0.7447869
4279.333333 22.7706261 2.7218740 55.8816528 0.0240422 -0.6486969 0.0504964 0.7589891
4279.566667 22.6017475 2.6907921 55.9165115 0.0258903 -0.6653329 0.0460185 0.7446772
4279.800000 22.4097118 2.7000811 55.9236641 0.0294744 -0.6895479 0.0231386 0.7232701
4280.033333 22.2411060 2.6803319 55.9553413 0.0357065 -0.6660262 0.0257623 0.7446278
4280.266667 22.0589848 2.6811194 55.9906120 0.0239615 -0.6694567 0.0394710 0.7414146
4280.500000 21.8917027 2.6649904 56.0318565 0.0309398 -0.6834500 0.0512686 0.7275372
4280.733333 21.7174072 2.6557589 56.0499992 0.0254793 -0.6862192 0.0429769 0.7256769
4280.966667 21.5461769 2.6548109 56.0741272 0.0320213 -0.6993340 0.0330329 0.7133130
4281.200000 21.3697701 2.6281753 56.0980034 0.0170217 -0.6585445 0.0287260 0.7518007
4281.433333 21.1845512 2.6340957 56.1099052 0.0247505 -0.6605582 0.0459279 0.7489599
4281.666667 21.0087738 2.6112058 56.1246109 0.0157092 -0.6583632 0.0296687 0.7519515
4281.900000 20.8384800 2.6178505 56.1394920 0.0248057 -0.6473842 0.0320521 0.7610855
4282.166667 20.6520805 2.5814750 56.1739388 0.0132199 -0.6298011 0.0345685 0.7758742
4282.433333 20.4449177 2.5811758 56.1961327 0.0125020 -0.6393985 0.0396868 0.7677488
4282.800000 20.1874542 2.5742795 56.2046165 0.0299757 -0.6547464 0.0224664 0.7549198
4283.066667 19.9998531 2.5296810 56.2328758 0.0304303 -0.6330521 0.0180815 0.7732995
4283.433333 19.7350540 2.5250609 56.2676697 0.0461430 -0.6570584 0.0395915 0.7513838
4283.700000 19.5359650 2.5147655 56.2846375 0.0168834 -0.6962901 0.0231591 0.7171881
4284.000000 19.3258438 2.4806783 56.3268776 0.0159783 -0.6487888 0.0331599 0.7600778
4284.266667 19.1304989 2.5005374 56.3564758 0.0296409 -0.6342083 0.0546026 0.7706619
4284.500000 18.9591103 2.4684565 56.3762207 0.0220085 -0.6843584 0.0444120 0.7274591
4284.800000 18.7549820 2.4787631 56.3892975 0.0281620 -0.6941564 0.0259641 0.7188043
4285.066667 18.5546455 2.4484911 56.4167137 0.0191123 -0.6619241 0.0304427 0.7487085
4285.633333 18.1017265 2.4547510 56.4492950 0.0041359 -0.6818471 0.0387230 0.7304574
4285.900000 17.8998661 2.4425700 56.4534874 0.0237417 -0.6581179 0.0270596 0.7520539
4286.433333 17.5007744 2.4073467 56.4617157 0.0317660 -0.6778274 0.0315646 0.7338560
4286.966667 17.0919609 2.3932097 56.4864578 0.0078645 -0.6687834 0.0213265 0.7431098
4287.266667 16.8463402 2.3998082 56.5115280 0.0092111 -0.6657189 0.0428249 0.7449158
4287.933333 16.3668652 2.3472521 56.5634041 0.0076761 -0.6498459 0.0334191 0.7592921
4288.200000 16.1597939 2.3527107 56.6000748 0.0112590 -0.6374341 0.0351450 0.7696205
4288.433333 15.9834146 2.3167901 56.6103134 0.0029611 -0.6723204 0.0175312 0.7400467
4288.933333 15.6285830 2.2943702 56.6516266 0.0163347 -0.6564744 0.0199857 0.7539065
4289.633333 15.1080742 2.2779596 56.7027550 0.0265007 -0.6628121 0.0368431 0.7474091
4290.166667 14.7018757 2.2464445 56.7552071 0.0173551 -0.6268925 0.0494093 0.7773438
4290.500000 14.4552679 2.2174983 56.7698364 0.0081471 -0.6723203 0.0415379 0.7390491
4290.766667 14.2738056 2.1940951 56.7852707 0.0169460 -0.6410544 0.0386781 0.7663329
4291.033333 14.0703707 2.1984880 56.8054619 0.0105069 -0.6313764 0.0505715 0.7737545
4291.333333 13.8617039 2.1595120 56.8261719 0.0050114 -0.6535696 0.0440599 0.7555662
4291.600000 13.6806774 2.1716213 56.8280373 0.0140422 -0.6665729 0.0390809 0.7442823
4291.833333 13.5244474 2.1371493 56.8462830 0.0130484 -0.6315419 0.0301674 0.7746447
4293.366667 12.3648052 2.0926306 56.9541779 -0.0037157 -0.6671042 0.0231409 0.7445956
4294.066667 11.9248981 2.0701416 56.9866676 -0.0023345 -0.6140493 0.0481611 0.7877935
4294.566667 11.5445948 2.0724843 56.9885788 0.0056719 -0.6727956 0.0186942 0.7395704
4297.833333 9.1451206 1.8872112 57.2828369 0.0188977 -0.6101374 0.0274450 0.7915946
4299.000000 8.2284193 1.8501042 57.3490410 0.0322023 -0.6489121 0.0518313 0.7584125
4301.633333 6.4741063 1.7150745 57.0237923 -0.0558737 0.9078045 -0.0325179 -0.4143811
4301.966667 6.3060102 1.7348652 56.8775749 -0.0388975 0.9419913 -0.0465329 -0.3301123
4302.200000 6.1871171 1.7513204 56.7464790 -0.0365990 0.9685400 -0.0455671 -0.2418978
4302.466667 6.0722475 1.7432002 56.5650902 -0.0245002 0.9743432 -0.0182801 -0.2229820
4302.766667 5.9602919 1.7029599 56.4057236 -0.0168423 0.9700359 -0.0277682 -0.2407813
4303.000000 5.8656669 1.7200172 56.2526436 -0.0223227 0.9741148 -0.0447624 -0.2204506
4303.300000 5.7810440 1.6884408 56.0397911 -0.0349608 0.9840924 -0.0163775 -0.1734122
4303.533333 5.7212338 1.7008194 55.8888435 -0.0487592 0.9840313 -0.0222280 -0.1697377
4303.766667 5.6500878 1.6702975 55.7239685 -0.0512200 0.9847599 -0.0074592 -0.1660388
4304.000000 5.5683408 1.6869577 55.5618668 -0.0326573 0.9915395 -0.0069423 -0.1254382
4304.233333 5.5047178 1.6566877 55.4016914 -0.0398115 0.9922192 0.0034617 -0.1179161
4304.466667 5.4646487 1.6770997 55.2406082 -0.0497435 0.9955239 -0.0044064 -0.0802394
4304.700000 5.4034991 1.6449842 55.0839539 -0.0429437 0.9939041 0.0048573 -0.1014250
4304.966667 5.3272119 1.6708485 54.8879318 -0.0241440 0.9943476 -0.0179576 -0.1018201
4305.200000 5.2959952 1.6321144 54.7454987 -0.0377959 0.9950817 -0.0162422 -0.0901114
4305.433333 5.2822285 1.6550163 54.5755539 -0.0497337 0.9977930 -0.0086461 -0.0431397
4305.766667 5.2310529 1.6331351 54.3196526 -0.0580930 0.9945804 -0.0071575 -0.0859292
4306.000000 5.1839190 1.6533635 54.1603012 -0.0397250 0.9956070 -0.0220401 -0.0818718
4306.233333 5.1564398 1.6319374 53.9756775 -0.0405061 0.9984682 -0.0037684 -0.0375019
4306.466667 5.1641226 1.6520547 53.8507957 -0.0521773 0.9981306 -0.0011076 -0.0318050
4306.933333 5.0739818 1.6521255 53.4798012 -0.0314730 0.9931099 -0.0146503 -0.1119268
4307.200000 5.0599198 1.6115746 53.3119545 -0.0332244 0.9943805 -0.0212965 -0.0982350
4307.466667 5.0650091 1.6463920 53.1076584 -0.0451134 0.9974434 -0.0262124 -0.0488301
4307.700000 5.0642009 1.6050617 52.9615669 -0.0522101 0.9944755 -0.0175058 -0.0893643
4307.933333 5.0281630 1.6244245 52.7851830 -0.0327673 0.9934364 -0.0369078 -0.1031905
4308.200000 5.0067153 1.6040987 52.5839767 -0.0293405 0.9982269 -0.0317084 -0.0409471
4308.466667 5.0338821 1.6324292 52.3954239 -0.0483250 0.9981272 -0.0173494 -0.0332536
4308.700000 5.0344739 1.5996710 52.2352829 -0.0573386 0.9960201 -0.0099993 -0.0674996
4308.966667 5.0194869 1.6369612 52.0294456 -0.0430032 0.9966973 -0.0288832 -0.0625378
4309.200000 5.0276766 1.6164734 51.8623619 -0.0362798 0.9986229 -0.0293041 -0.0240276
4309.433333 5.0679564 1.6475058 51.7086716 -0.0594503 0.9975234 -0.0373866 0.0038689
4309.666667 5.0920496 1.6359935 51.5452003 -0.0745053 0.9966281 -0.0330454 -0.0094546
4309.933333 5.1164985 1.6645302 51.3568192 -0.0606124 0.9954844 -0.0415394 0.0600957
4310.166667 5.1646409 1.6428772 51.2089539 -0.0500048 0.9849533 -0.0277179 0.1630893
4310.400000 5.2424598 1.6946803 51.0758743 -0.0458121 0.9624941 -0.0243248 0.2662978
4310.633333 5.3395853 1.6935718 50.9529495 -0.0584163 0.9488563 -0.0291480 0.3088846
4310.866667 5.4529843 1.7167647 50.8308487 -0.0482508 0.9182222 -0.0123061 0.3929228
4311.066667 5.5626369 1.6963276 50.7418060 -0.0538537 0.8861292 0.0031696 0.4602877
4311.266667 5.6775970 1.6984221 50.6816330 -0.0604014 0.8571903 0.0024088 0.5114397
4311.500000 5.8073273 1.6997421 50.6337166 -0.0697563 0.8332306 -0.0233485 0.5480107
4311.666667 5.8961978 1.6719193 50.5921860 -0.0637450 0.8274769 -0.0294714 0.5570906
4311.833333 5.9984279 1.6933393 50.5459251 -0.0496673 0.8190110 -0.0209211 0.5712411
4312.033333 6.1318417 1.6900569 50.5005989 -0.0375672 0.7919148 -0.0199424 0.6091486
4312.166667 6.2209783 1.6763616 50.4784698 -0.0438417 0.7731805 -0.0141408 0.6325108
4312.266667 6.2896724 1.6869481 50.4709282 -0.0509160 0.7565691 -0.0167864 0.6517123
4312.400000 6.3825259 1.7104981 50.4538307 -0.0502504 0.7480261 -0.0272984 0.6612009
4312.533333 6.4798117 1.7027493 50.4400406 -0.0595928 0.7354783 -0.0221588 0.6745586
4312.666667 6.5690928 1.6902448 50.4126396 -0.0571386 0.7570973 -0.0160116 0.6506016
4312.800000 6.6632948 1.7125485 50.3920631 -0.0346960 0.7587302 -0.0116820 0.6503754
4312.966667 6.7848430 1.7177981 50.3616219 -0.0220946 0.7540872 -0.0085840 0.6563464
4314.133333 7.6305785 1.7274454 50.2476501 -0.0182649 0.7194457 -0.0000787 0.6943085
4314.633333 8.0364447 1.7613345 50.2057991 -0.0293915 0.7433688 0.0091195 0.6681735
4315.600000 8.7822332 1.7735883 50.1502228 -0.0425391 0.7327439 0.0134418 0.6790406
4315.900000 9.0115261 1.8169727 50.0974579 -0.0199970 0.7527091 0.0139377 0.6579018
4316.200000 9.2625551 1.8389175 50.0865211 -0.0273350 0.7511202 0.0005793 0.6595991
4316.500000 9.4860964 1.8471218 50.0562553 -0.0379004 0.7511925 -0.0074859 0.6589518
4317.933333 10.5793982 1.8840413 49.9497566 -0.0267870 0.7409343 0.0103784 0.6709629
4318.566667 11.0758610 1.9194343 49.9163704 -0.0358073 0.7474762 -0.0167560 0.6631112
4318.866667 11.3173876 1.9413093 49.8769760 -0.0308965 0.7214323 0.0072205 0.6917577
4319.666667 11.9202929 1.9888960 49.8186188 -0.0241016 0.7395767 -0.0179977 0.6723998
4320.533333 12.5775642 2.0011489 49.7353630 -0.0305052 0.7638145 0.0037714 0.6447035
4320.833333 12.8073845 2.0038683 49.6950493 -0.0333710 0.7607443 0.0247563 0.6477203
4322.133333 13.8339796 2.0828738 49.6083984 -0.0140917 0.7681301 -0.0233085 0.6397142
4324.666667 15.7872925 2.1900096 49.4309082 -0.0517986 0.7720425 0.0084507 0.6334003
4325.866667 16.6735611 2.2444561 49.3498116 -0.0496813 0.7304615 0.0148972 0.6809816
4326.366667 17.0480423 2.2781892 49.3013725 -0.0211064 0.7324668 0.0042885 0.6804620
4326.600000 17.2148914 2.2839520 49.2503395 -0.0099607 0.7165337 0.0081923 0.6974333
4327.533333 17.9448757 2.3259861 49.1575470 -0.0196284 0.7346873 0.0167626 0.6779146
4328.333333 18.5420589 2.3561676 49.0867386 -0.0034833 0.7515628 -0.0036498 0.6596422
4328.566667 18.7233028 2.3343322 49.0601120 -0.0269044 0.7402743 0.0090451 0.6717055
4328.800000 18.8919182 2.3605454 49.0405807 -0.0272120 0.7323692 0.0037509 0.6803534
4329.033333 19.0579147 2.3510461 49.0082245 -0.0289252 0.7311212 0.0012945 0.6816330
4329.266667 19.2589035 2.3771486 48.9950523 -0.0338896 0.7335876 0.0163573 0.6785522
4329.500000 19.4198856 2.3700407 48.9526024 -0.0387551 0.7184267 0.0133908 0.6943931
4329.733333 19.5889587 2.3942978 48.9415703 -0.0448465 0.7128819 0.0090446 0.6997902
4329.966667 19.7539272 2.3944285 48.9075737 -0.0410806 0.7155320 0.0057528 0.6973472
4330.233333 19.9730854 2.4211287 48.8843117 -0.0388939 0.7207922 0.0206358 0.6917514
4330.466667 20.1501312 2.4187839 48.8444138 -0.0342245 0.7034684 0.0293601 0.7092946
4330.700000 20.3242111 2.4363394 48.8420944 -0.0436835 0.6982888 0.0234589 0.7140968
4330.933333 20.4883671 2.4489207 48.8269997 -0.0378654 0.7044241 0.0076016 0.7087278
4331.200000 20.6995697 2.4589105 48.8035927 -0.0276789 0.7218974 0.0169131 0.6912394
4331.433333 20.8754063 2.4653189 48.7736473 -0.0187122 0.7005320 0.0236298 0.7129841
4331.666667 21.0647144 2.4837749 48.7748184 -0.0298680 0.7012605 0.0274260 0.7117510
4331.900000 21.2261639 2.4860787 48.7511559 -0.0231308 0.7141861 0.0134700 0.6994439
4332.133333 21.4132900 2.5004869 48.7270164 -0.0189029 0.7377534 0.0229592 0.6744149
4332.433333 21.6363926 2.4913969 48.6869545 -0.0227440 0.7128696 0.0291676 0.7003206
4332.666667 21.8069897 2.5273366 48.6801376 -0.0276057 0.7084623 0.0085849 0.7051563
4332.900000 21.9850197 2.5146792 48.6525345 -0.0289105 0.7172246 0.0135356 0.6961105
4333.200000 22.2230549 2.5495181 48.6155777 -0.0158721 0.7275628 0.0192540 0.6855872
4333.500000 22.4524460 2.5464876 48.5946884 -0.0306799 0.7310662 0.0277069 0.6810531
4333.766667 22.6524067 2.5703816 48.5919113 -0.0297667 0.7178853 0.0105240 0.6954451
4334.066667 22.8808441 2.5853570 48.5652504 -0.0275608 0.7369913 0.0168259 0.6751304
4334.366667 23.1088009 2.5813670 48.5392914 -0.0277844 0.7138604 0.0299936 0.6990935
4334.666667 23.3173008 2.6088395 48.5211411 -0.0171416 0.7052617 0.0147239 0.7085868
4335.033333 23.6050529 2.6227324 48.4885674 -0.0202480 0.7300347 0.0227329 0.6827316
4335.333333 23.8358612 2.6228688 48.4558945 -0.0403873 0.7176160 0.0288475 0.6946682
4335.633333 24.0556526 2.6627104 48.4374352 -0.0287788 0.7057564 0.0206906 0.7075673
4335.933333 24.2844582 2.6545444 48.4097633 -0.0254830 0.7186968 0.0229528 0.6944773
4336.200000 24.4924736 2.6832407 48.3741150 -0.0208150 0.7147260 0.0168189 0.6988924
4336.433333 24.6680317 2.6833360 48.3459282 -0.0409037 0.7193825 0.0289969 0.6928022
4336.700000 24.8626919 2.7116914 48.3309479 -0.0251326 0.7269714 0.0024718 0.6862032
4337.233333 25.2387295 2.7122967 48.2428017 -0.0137159 0.7345044 -0.0050333 0.6784466
4337.500000 25.4519367 2.7501926 48.2389717 -0.0284771 0.7431278 -0.0010796 0.6685425
4337.766667 25.6564503 2.7472334 48.2003784 -0.0302998 0.7653072 0.0013571 0.6429502
4338.033333 25.8601856 2.7823014 48.1520538 -0.0130563 0.7783811 0.0138423 0.6275036
4338.300000 26.0564384 2.7681372 48.1257515 -0.0158635 0.7831019 0.0052516 0.6216689
4338.566667 26.2501163 2.8005927 48.1053314 -0.0176209 0.7734023 -0.0014813 0.6336688
4338.833333 26.4629669 2.8055217 48.0843315 -0.0268890 0.7910610 0.0105399 0.6110551
4339.133333 26.6941109 2.8216414 48.0434227 0.0096240 0.7944312 0.0100788 0.6071942
4339.533333 26.9762993 2.8641546 48.0203743 -0.0019445 0.7837054 0.0007179 0.6211293
4339.800000 27.1912403 2.8578289 47.9869576 -0.0154409 0.8068894 0.0087308 0.5904363
4340.033333 27.3709965 2.8940148 47.9508781 -0.0020880 0.7986061 0.0042061 0.6018358
4340.266667 27.5510406 2.8888602 47.9314842 -0.0135734 0.7902099 0.0053105 0.6126629
4340.500000 27.7224751 2.9244609 47.9138718 -0.0233876 0.7856807 -0.0046366 0.6181727
4340.733333 27.9071274 2.9145870 47.8779869 -0.0413684 0.8077869 -0.0006816 0.5880208
4340.966667 28.0903721 2.9562957 47.8377953 -0.0211278 0.8082940 0.0050447 0.5883783
4341.200000 28.2893925 2.9557939 47.8168182 -0.0337811 0.7966626 0.0225549 0.6030579
4341.433333 28.4541645 2.9927053 47.8008652 -0.0371568 0.7952878 0.0170798 0.6048512
4341.666667 28.6324787 2.9828351 47.7768250 -0.0488583 0.8006132 0.0161190 0.5969686
4341.900000 28.7971783 3.0158253 47.7389374 -0.0158808 0.7884098 0.0098265 0.6148668
4342.166667 29.0050850 3.0171061 47.7148666 -0.0262968 0.8005886 0.0124151 0.5985084
4342.433333 29.2132568 3.0662558 47.7009773 -0.0453404 0.7835404 0.0170659 0.6194493
4342.700000 29.4133263 3.0603497 47.6558571 -0.0395878 0.8032891 0.0328375 0.5933643
4342.933333 29.5958557 3.0996609 47.6148033 -0.0127243 0.7975783 0.0281329 0.6024246
4343.166667 29.7961636 3.0988445 47.5929909 -0.0307947 0.7779989 0.0414915 0.6261373
4343.433333 30.0149593 3.1352904 47.5799332 -0.0229859 0.7811908 0.0213481 0.6235037
4343.700000 30.2187557 3.1355731 47.5372124 -0.0229060 0.7944887 0.0238323 0.6063786
4344.166667 30.6024284 3.1542141 47.4933548 -0.0385239 0.7751685 0.0205089 0.6302453
4344.433333 30.8092041 3.1548543 47.4711342 -0.0447612 0.7758289 0.0176396 0.6291063
4344.700000 31.0528297 3.1736515 47.4540787 -0.0464156 0.7839709 0.0324841 0.6182071
4344.966667 31.2850189 3.1698120 47.4383354 -0.0545284 0.7734515 0.0372524 0.6304060
4345.233333 31.4813309 3.1850426 47.4345818 -0.0492465 0.7720842 0.0162502 0.6334010
4345.500000 31.7034225 3.1702514 47.4166145 -0.0497802 0.7875974 0.0236007 0.6137224
4345.766667 31.9714108 3.2154198 47.3997726 -0.0228994 0.7886425 0.0110295 0.6143265
4346.000000 32.1225395 3.1933877 47.3866692 -0.0298200 0.7795938 0.0026609 0.6255695
4346.266667 32.3199196 3.2121365 47.3648567 -0.0297273 0.7774177 -0.0007998 0.6282813
4346.533333 32.5291824 3.2205567 47.3358459 -0.0187547 0.7920189 -0.0074005 0.6101635
4346.800000 32.7216835 3.2232943 47.2916031 -0.0085054 0.7614462 0.0087762 0.6481130
4347.100000 32.9558601 3.2600756 47.2803078 -0.0235555 0.7476416 0.0176879 0.6634489
4347.400000 33.1614532 3.2483623 47.2419891 -0.0366971 0.7644524 0.0139432 0.6434839
4347.666667 33.4086227 3.3108950 47.2126846 -0.0229737 0.7610185 0.0133943 0.6481848
4348.000000 33.6399460 3.3122175 47.1838608 -0.0347738 0.7405506 0.0271374 0.6705514
4348.300000 33.8386002 3.3190529 47.1501884 -0.0258219 0.7687966 0.0072220 0.6389310
4348.566667 34.0497513 3.3683708 47.1191788 -0.0179128 0.7568285 0.0138337 0.6532215
4348.833333 34.2540054 3.3697493 47.0868607 -0.0300793 0.7652174 0.0165719 0.6428553
4349.100000 34.4207573 3.4106581 47.0533638 -0.0245292 0.7579959 -0.0008403 0.6517974
4349.366667 34.6187706 3.4070499 47.0016747 -0.0378885 0.7979311 0.0127785 0.6014209
4349.633333 34.8134041 3.4518142 46.9438591 -0.0281181 0.7843012 0.0253153 0.6192254
4349.900000 34.9882889 3.4465582 46.8965416 -0.0396428 0.7582896 0.0396713 0.6495010
4350.166667 35.1637764 3.4907362 46.8604927 -0.0457505 0.7703869 0.0134334 0.6357912
4350.433333 35.3583336 3.5117929 46.8091774 -0.0454136 0.7864495 0.0258990 0.6154381
4350.700000 35.5336418 3.5391326 46.7651100 -0.0291000 0.7549787 0.0321731 0.6543127
4351.100000 35.7828331 3.5811527 46.7628593 -0.0325480 0.7295358 0.0088083 0.6831110
4351.400000 35.9756660 3.5836723 46.7794113 -0.0257108 0.6980596 -0.0011791 0.7155769
4351.700000 36.1428909 3.5849566 46.7795219 -0.0004450 0.6091458 -0.0112383 0.7929785
4352.000000 36.2911758 3.5914083 46.8327942 -0.0089712 0.4710345 0.0209243 0.8818210
4352.266667 36.4080925 3.5920212 46.9025803 -0.0117555 0.4057094 0.0167309 0.9137734
4352.566667 36.5296364 3.6058702 46.9754333 -0.0013990 0.3178391 0.0317495 0.9476119
4352.866667 36.6362877 3.6026070 47.0539246 0.0013752 0.2098238 0.0397571 0.9769296
4353.166667 36.7041855 3.6145825 47.1511688 -0.0067434 0.1397580 0.0437664 0.9891950
4353.633333 36.7890625 3.6122463 47.3776665 -0.0146375 0.1026489 0.0193171 0.9944223
4353.933333 36.8359604 3.6643589 47.5779762 -0.0015723 0.0620823 0.0242431 0.9977753
4354.400000 36.8753014 3.6621175 47.8407707 -0.0026763 0.0149269 0.0224158 0.9996337
4354.866667 36.9617310 3.6708367 48.2527084 -0.0079877 0.0562689 0.0458963 0.9973282
4355.233333 36.9828568 3.6327145 48.5424576 -0.0168786 0.0083523 0.0433876 0.9988808
4355.633333 36.9787483 3.6162412 48.7151031 -0.0226892 0.0326223 0.0308763 0.9987330
4356.200000 37.0466919 3.6014032 49.2322960 -0.0004433 0.0299275 0.0430789 0.9986233
4356.866667 37.1298904 3.6209290 49.7102280 -0.0122333 0.0807623 0.0538653 0.9952016
4357.433333 37.1578598 3.5940964 50.0130005 0.0004200 0.0221502 0.0421113 0.9988673
4357.666667 37.1826859 3.5807478 50.2227440 -0.0112797 0.0372295 0.0426170 0.9983339
4357.966667 37.2243423 3.5981488 50.4522667 0.0054241 0.0366519 0.0513483 0.9979933
4358.200000 37.2401581 3.5751989 50.6174927 0.0013352 0.0245324 0.0444375 0.9987100
4358.700000 37.2666435 3.5927169 50.9826279 -0.0076147 0.0747093 0.0319002 0.9966659
4358.966667 37.2850914 3.6262643 51.2162819 0.0133479 0.0759447 0.0428642 0.9961008
4359.433333 37.3169785 3.6078866 51.4525223 0.0127967 0.0481524 0.0452754 0.9977313
4359.666667 37.3520622 3.5972347 51.6175499 0.0093683 0.1053635 0.0416776 0.9935158
4359.933333 37.3745346 3.6341834 51.8379784 0.0185490 0.1137453 0.0436777 0.9923760
4360.166667 37.3943977 3.6213574 52.0104446 0.0062043 0.1002373 0.0407662 0.9941087
4360.400000 37.4218063 3.6324458 52.1158218 0.0144689 0.1085182 0.0367277 0.9933104
4360.633333 37.4383698 3.6289999 52.3025436 0.0055742 0.1445745 0.0267417 0.9891168
4360.866667 37.4734268 3.6634986 52.4579697 0.0263081 0.1390218 0.0384397 0.9891932
4361.100000 37.5098877 3.6475739 52.6128616 0.0297957 0.0953906 0.0434092 0.9940465
4361.333333 37.5248299 3.6789978 52.7733879 0.0185314 0.0771411 0.0297334 0.9964044
4361.800000 37.6037712 3.7051747 53.0933685 0.0003660 0.1219650 0.0426037 0.9916195
4362.033333 37.6474113 3.7022395 53.2251472 0.0235860 0.0762753 0.0484918 0.9956276
4362.266667 37.6612129 3.7068684 53.3703766 0.0208413 0.0352668 0.0343360 0.9985704
4362.500000 37.6743393 3.7299256 53.5150986 0.0360537 -0.0110640 0.0146797 0.9991808
4362.733333 37.6877899 3.7283437 53.6731453 0.0236344 -0.0371504 0.0187593 0.9988540
4362.966667 37.7133369 3.7289305 53.8026123 0.0380751 -0.1245990 0.0322027 0.9909533
4363.200000 37.7178612 3.6855879 53.9185715 0.0237954 -0.2264271 0.0396052 0.9729316
4363.433333 37.7045059 3.6887920 54.0113068 0.0183221 -0.2963234 0.0450302 0.9538496
4363.666667 37.6791306 3.6840637 54.1024132 0.0318363 -0.3251794 0.0283887 0.9446898
4363.900000 37.6525040 3.6864169 54.2030106 0.0221144 -0.3465478 0.0407825 0.9368844
4364.133333 37.6163597 3.6864772 54.2972221 0.0210439 -0.4112146 0.0423397 0.9103115
4364.366667 37.5722542 3.6743050 54.3669510 0.0271435 -0.4814788 0.0353607 0.8753234
4364.666667 37.4938431 3.6873009 54.4415092 0.0401508 -0.5302722 0.0318147 0.8462784
4365.000000 37.4062614 3.6702554 54.5196648 0.0405651 -0.5644596 0.0304403 0.8239012
4365.233333 37.3453178 3.6721005 54.5627136 0.0443351 -0.6291327 0.0246697 0.7756402
4365.533333 37.2747955 3.6647272 54.6252098 0.0476023 -0.6824009 0.0166893 0.7292356
4365.766667 37.2338524 3.6588047 54.6522675 0.0445904 -0.6944740 0.0211019 0.7178246
4366.000000 37.1895103 3.6556873 54.6810112 0.0484212 -0.6771083 0.0405760 0.7331666
4366.233333 37.1283531 3.6583004 54.7071648 0.0429439 -0.6613844 0.0459864 0.7474033
4366.533333 37.0654564 3.6570866 54.7309494 0.0161087 -0.6704467 0.0315891 0.7411098
4378.433333 36.9324455 3.6517282 54.8133163 0.0181715 -0.6889582 0.0181289 0.7243464
4382.233333 36.9470634 3.6612370 54.8060837 0.0235291 -0.7443041 0.0136053 0.6672876
4382.700000 36.9172783 3.6598184 54.7891655 0.0270680 -0.7533640 0.0124782 0.6569280
4383.200000 36.8541298 3.6596565 54.7700729 0.0162686 -0.7548547 0.0201245 0.6553813
4383.466667 36.8344612 3.6561830 54.7560005 0.0220524 -0.7674886 0.0188790 0.6404050
4383.733333 36.7907295 3.6618114 54.7536774 0.0140995 -0.7806861 0.0182716 0.6244971
4384.200000 36.7081032 3.6693561 54.7597694 0.0366280 -0.7694255 0.0292981 0.6370121
4384.466667 36.6328888 3.6727057 54.7559319 0.0297722 -0.7533516 0.0184708 0.6566840
4384.733333 36.5744171 3.6718552 54.7524147 0.0462656 -0.7256868 0.0338645 0.6856321
4385.166667 36.4899940 3.6624522 54.7682610 0.0248641 -0.7239267 0.0302705 0.6887638
4385.433333 36.4385147 3.6576595 54.7852974 0.0283101 -0.7504911 0.0295147 0.6596140
4386.066667 36.3802834 3.6548638 54.8159561 0.0245779 -0.7751561 0.0356216 0.6302857
4388.233333 36.3606033 3.6433513 54.7996407 0.0293090 -0.7163485 0.0328381 0.6963529
4388.966667 36.3466797 3.6407931 54.7693214 0.0333727 -0.6882849 0.0213753 0.7243571
4389.500000 36.2946358 3.6443291 54.7541542 0.0370042 -0.6582486 0.0313752 0.7512357
4389.766667 36.2115326 3.6406708 54.7518578 0.0293972 -0.6552444 0.0275592 0.7543415
4390.033333 36.1169052 3.6246212 54.7462234 0.0109983 -0.6699077 0.0196802 0.7421020
4390.300000 36.0040054 3.6251404 54.7274208 0.0141182 -0.6706840 0.0104973 0.7415345
4390.600000 35.8692436 3.5994549 54.7127037 0.0249367 -0.6469344 0.0207868 0.7618542
4390.866667 35.7429886 3.5945122 54.7103500 0.0228008 -0.6365319 0.0167249 0.7707317
4391.133333 35.5896950 3.5892246 54.7281799 0.0209373 -0.6423931 0.0299824 0.7655023
4391.433333 35.4258423 3.5698183 54.7286415 0.0192040 -0.6604847 0.0221045 0.7502683
4391.700000 35.2562408 3.5634696 54.7245903 0.0243694 -0.6647632 0.0176971 0.7464468
4391.966667 35.0854378 3.5423269 54.7421417 0.0167639 -0.6486508 0.0117786 0.7608103
4392.233333 34.9008904 3.5393105 54.7609825 0.0225337 -0.6520895 0.0123397 0.7577066
4392.500000 34.7203369 3.5163910 54.7663612 0.0189304 -0.6710325 0.0013860 0.7411849
4392.766667 34.5468712 3.4894693 54.7808418 0.0184651 -0.6704982 0.0023919 0.7416775
4393.033333 34.3500099 3.4837720 54.8047180 0.0158939 -0.6383638 0.0174471 0.7693729
4393.300000 34.1695213 3.4465609 54.8255196 0.0276020 -0.6381810 0.0243190 0.7690069
4393.600000 33.9398880 3.4458888 54.8157845 0.0345200 -0.6645539 0.0285054 0.7458980
4393.866667 33.7123795 3.4139698 54.8135872 0.0185016 -0.6662244 0.0261311 0.7450637
4394.166667 33.4665794 3.4118764 54.8107109 0.0219340 -0.6894274 0.0415652 0.7228285
4394.433333 33.2509766 3.3864396 54.7957764 0.0273780 -0.6951394 0.0272646 0.7178358
4394.700000 33.0620766 3.3699434 54.8057251 0.0387061 -0.6940094 0.0311725 0.7182486
4394.966667 32.8330078 3.3610530 54.8189659 0.0281948 -0.6701319 0.0287139 0.7411504
4395.233333 32.6155891 3.3402727 54.8170967 0.0336779 -0.6810206 0.0283493 0.7309398
4395.500000 32.4113121 3.3415916 54.8000679 0.0371818 -0.7090706 0.0193694 0.7038901
4395.766667 32.1813164 3.3091419 54.8057976 0.0298795 -0.6794766 0.0161761 0.7329100
4396.033333 31.9588127 3.3167400 54.8131866 0.0290666 -0.6769450 0.0416037 0.7342818
4396.300000 31.7434845 3.2864912 54.8160019 0.0232124 -0.6748452 0.0375643 0.7366370
4396.566667 31.5275059 3.2931051 54.8164139 0.0330443 -0.6708920 0.0323656 0.7401111
4396.833333 31.3024960 3.2735677 54.8434105 0.0128288 -0.6489853 0.0265147 0.7602305
4397.066667 31.1060925 3.2686620 54.8611183 0.0160987 -0.6459308 0.0417143 0.7620854
4397.300000 30.9027061 3.2617309 54.8538780 0.0100725 -0.6639636 0.0123000 0.7475959
4397.566667 30.6839905 3.2588696 54.8679008 0.0154562 -0.6779458 0.0104665 0.7348748
4397.833333 30.4627419 3.2535434 54.8985672 0.0167990 -0.6423383 0.0181691 0.7660217
4398.066667 30.2951050 3.2252522 54.9390602 0.0155571 -0.6709759 0.0303984 0.7406925
4398.333333 30.0782471 3.2351797 54.9561424 0.0183549 -0.6724047 0.0281693 0.7394197
4398.600000 29.8473969 3.2014704 54.9928780 0.0052320 -0.6236714 0.0067438 0.7816401
4398.833333 29.6616344 3.2019625 55.0289459 0.0116161 -0.6315287 0.0293675 0.7747090
4399.066667 29.4748802 3.1588659 55.0538025 0.0033245 -0.6279010 0.0200818 0.7780271
4399.333333 29.2961788 3.1413543 55.0842056 0.0291887 -0.6463946 0.0339395 0.7616891
4399.566667 29.1266727 3.1003098 55.1202507 0.0329065 -0.6087756 0.0346264 0.7919031
4400.733333 28.2644501 3.0355439 55.2573128 0.0325024 -0.6419258 0.0243628 0.7656901
4401.266667 27.8566589 3.0181000 55.3233414 0.0075430 -0.6403413 0.0397573 0.7670237
4401.666667 27.5465393 3.0052056 55.3420677 0.0124881 -0.6101075 0.0327024 0.7915450
4401.900000 27.3720837 2.9836993 55.3650780 0.0173155 -0.6047496 0.0206728 0.7959590
4402.133333 27.2053967 2.9869499 55.3812218 0.0226258 -0.6140363 0.0298106 0.7883900
4402.366667 27.0312462 2.9653699 55.4037971 0.0147374 -0.6244810 0.0359741 0.7800719
4402.600000 26.8405857 2.9715753 55.4249458 0.0114254 -0.6132028 0.0448389 0.7885691
4402.833333 26.6693573 2.9435799 55.4641151 0.0140737 -0.6392885 0.0455342 0.7674885
4403.066667 26.4750366 2.9529767 55.4529305 0.0231388 -0.6543449 0.0241585 0.7554560
4403.366667 26.2517471 2.9232957 55.4909630 0.0270070 -0.6315089 0.0264623 0.7744461
4403.600000 26.0669785 2.9356959 55.5229530 0.0283611 -0.6171954 0.0462683 0.7849361
4403.833333 25.8875523 2.9011276 55.5500946 0.0166156 -0.6394922 0.0387597 0.7676401
4404.100000 25.6703148 2.9153225 55.5458298 0.0265580 -0.6702618 0.0295987 0.7410585
4404.333333 25.4957466 2.8841274 55.5817451 0.0205088 -0.6423457 0.0254620 0.7657173
4404.566667 25.3087940 2.8903005 55.6116943 0.0258152 -0.6420261 0.0472453 0.7647901
4404.833333 25.1141987 2.8590040 55.6295776 0.0241377 -0.6679785 0.0389295 0.7427695
4405.066667 24.9349461 2.8734848 55.6474571 0.0309066 -0.6579488 0.0433062 0.7511808
4405.300000 24.7538490 2.8349674 55.6700211 0.0259197 -0.6306107 0.0352731 0.7748639
4405.533333 24.5797653 2.8449199 55.6957932 0.0400211 -0.6279095 0.0580029 0.7750893
4405.800000 24.3795395 2.8038685 55.7155266 0.0420718 -0.6415734 0.0513349 0.7641846
4406.066667 24.2019463 2.8201623 55.7196808 0.0597416 -0.6815646 0.0505125 0.7275637
4406.300000 24.0126171 2.7817461 55.7430840 0.0441933 -0.6662552 0.0311064 0.7437629
4406.566667 23.7828350 2.7920454 55.7632179 0.0418022 -0.6912212 0.0380929 0.7204268
4406.833333 23.5889816 2.7632365 55.7634697 0.0273021 -0.7104869 0.0246456 0.7027485
4407.066667 23.3912621 2.7703431 55.7774506 0.0349196 -0.7140632 0.0363558 0.6982641
4407.333333 23.1739235 2.7407577 55.8115387 0.0167064 -0.6753830 0.0354741 0.7364240
4407.566667 22.9706898 2.7380505 55.8269730 0.0176331 -0.7095954 0.0386335 0.7033285
4407.800000 22.8003578 2.7162509 55.8435974 0.0079556 -0.7181738 0.0219063 0.6954734
4408.033333 22.6065598 2.7189577 55.8623390 0.0253347 -0.7174721 0.0244360 0.6956974
4408.300000 22.3955803 2.6913645 55.9025307 0.0206994 -0.6873555 0.0208007 0.7257281
4408.566667 22.1711006 2.6803558 55.9351006 0.0241292 -0.7149301 0.0376557 0.6977642
4408.833333 21.9580688 2.6787882 55.9535522 0.0181810 -0.7273813 0.0353218 0.6850826
4409.066667 21.7773190 2.6512637 55.9788284 0.0220765 -0.7083802 0.0372259 0.7045029
4409.333333 21.5581169 2.6562126 55.9996796 0.0378624 -0.7069688 0.0458659 0.7047396
4409.600000 21.3538189 2.6209452 56.0335579 0.0350651 -0.7239768 0.0483176 0.6872361
4409.866667 21.1326866 2.6357369 56.0443840 0.0355202 -0.7141588 0.0467623 0.6975161
4410.133333 20.9209080 2.5902171 56.0697937 0.0286409 -0.6898729 0.0421919 0.7221321
4410.433333 20.6717529 2.5945978 56.0965500 0.0442508 -0.6761120 0.0466027 0.7339909
4410.733333 20.4282227 2.5849254 56.1181679 0.0249403 -0.6858454 0.0200872 0.7270424
4411.033333 20.2020054 2.5537875 56.1635971 0.0210867 -0.6713988 0.0238263 0.7404130
4411.333333 19.9538879 2.5557051 56.2065506 0.0110815 -0.6687703 0.0506936 0.7416560
4411.600000 19.7400780 2.5265985 56.2243843 0.0028082 -0.6680471 0.0267376 0.7436332
4411.833333 19.5544014 2.5294950 56.2291031 0.0276290 -0.6699598 0.0165757 0.7416978
4412.066667 19.3743000 2.4981203 56.2595406 0.0276837 -0.6597351 0.0163995 0.7508091
4412.300000 19.1854668 2.4981542 56.2853584 0.0302326 -0.6834168 0.0376239 0.7284310
4412.533333 19.0008030 2.4727316 56.3065910 0.0232631 -0.6953264 0.0300388 0.7176892
4412.800000 18.7830849 2.4784803 56.3224411 0.0343868 -0.6896909 0.0289906 0.7227057
4413.066667 18.5646172 2.4555385 56.3798523 0.0105621 -0.6333565 0.0285079 0.7732627
4413.300000 18.3478527 2.4650521 56.3974380 0.0123590 -0.6514754 0.0402143 0.7575024
4413.533333 18.1442394 2.4607894 56.4018669 0.0015199 -0.6835497 0.0313660 0.7292281
4413.800000 17.9494267 2.4406300 56.4356461 0.0183471 -0.6863112 0.0301701 0.7264503
4414.033333 17.7224808 2.4528468 56.4382668 0.0119755 -0.6455212 0.0341611 0.7628840
4414.300000 17.4998550 2.4211178 56.4567451 -0.0143531 -0.6670058 0.0276973 0.7443991
4414.566667 17.2795639 2.4336452 56.4500275 -0.0075007 -0.6926075 0.0205783 0.7209821
4414.833333 17.0517826 2.4029412 56.4724579 -0.0142609 -0.6610245 0.0168245 0.7500402
4415.066667 16.8477688 2.4034104 56.4901733 -0.0082316 -0.6587764 0.0493723 0.7506719
4415.300000 16.6452160 2.3798742 56.4983482 -0.0095117 -0.6671047 0.0279915 0.7443771
4415.533333 16.4396114 2.3833580 56.4958076 0.0186464 -0.6560674 0.0208336 0.7541842
4415.766667 16.2507668 2.3457780 56.5409355 -0.0029973 -0.6379122 0.0154259 0.7699488
4416.033333 16.0208969 2.3364549 56.5852280 -0.0050919 -0.6262186 0.0363907 0.7787811
4416.300000 15.7925091 2.3279846 56.5892258 0.0053719 -0.6626985 0.0172369 0.7486686
4416.600000 15.5501995 2.2993543 56.6262474 0.0131569 -0.6653806 0.0174279 0.7461848
4416.833333 15.3511324 2.3055143 56.6507912 0.0183054 -0.6447410 0.0368733 0.7632917
4417.066667 15.1616783 2.2580581 56.6703339 0.0083651 -0.6659585 0.0298561 0.7453442
4417.300000 14.9808178 2.2662234 56.6799850 0.0223708 -0.6888676 0.0340521 0.7237413
4417.533333 14.7812042 2.2316251 56.6914597 0.0236898 -0.6906244 0.0319759 0.7221179
4417.833333 14.5123606 2.2315207 56.7230339 0.0301177 -0.6869531 0.0478782 0.7244971
4418.133333 14.2606363 2.2030995 56.7327461 0.0168110 -0.7313052 0.0302534 0.6811717
4418.400000 14.0307865 2.1880434 56.7396774 0.0292528 -0.7199891 0.0299744 0.6927204
4418.700000 13.7702675 2.1856971 56.7760620 0.0157869 -0.6989247 0.0344562 0.7141903
4419.000000 13.5316725 2.1389420 56.8055611 0.0097651 -0.7077799 0.0362109 0.7054368
4419.300000 13.2791901 2.1434326 56.7948303 0.0393391 -0.7067659 0.0310627 0.7056695
4419.566667 13.0495415 2.1209896 56.8234520 0.0236322 -0.6951820 0.0370665 0.7174884
4419.833333 12.8070250 2.1019149 56.8496971 0.0221746 -0.7027655 0.0534000 0.7090679
4420.100000 12.5606689 2.1111419 56.8381844 0.0350441 -0.7182519 0.0375996 0.6938821
4420.366667 12.3139935 2.0768178 56.8700333 0.0247436 -0.6968266 0.0342067 0.7159960
4420.633333 12.0606260 2.0837173 56.8943977 0.0219976 -0.6869109 0.0431670 0.7251250
4420.900000 11.8205986 2.0589640 56.9096565 0.0171945 -0.6972581 0.0341185 0.7158013
4421.166667 11.5613270 2.0522459 56.9225922 0.0228916 -0.6901158 0.0284255 0.7227781
4421.433333 11.3060722 2.0448465 56.9511871 0.0111192 -0.6815215 0.0407023 0.7305807
4421.700000 11.0550528 2.0029452 56.9658127 -0.0003969 -0.6726615 0.0322443 0.7392473
4421.966667 10.8182125 2.0057125 56.9722824 0.0208442 -0.6993428 0.0290104 0.7138932
4422.333333 10.4671574 1.9845824 57.0370216 0.0066625 -0.6611125 0.0356677 0.7494089
4422.600000 10.2166796 1.9533534 57.0562630 -0.0056707 -0.6851090 0.0180126 0.7281958
4422.900000 9.9751635 1.9447515 57.1005707 0.0069198 -0.7101616 0.0194110 0.7037371
4423.166667 9.7370787 1.9315588 57.1327972 0.0065354 -0.6480858 0.0363355 0.7606720
4423.766667 9.2198362 1.8868624 57.1675453 0.0241681 -0.6982357 0.0308758 0.7147933
4424.066667 8.9332037 1.8764312 57.1999855 0.0139713 -0.6750211 0.0450727 0.7362878
4424.366667 8.6605854 1.8416485 57.2169685 0.0147752 -0.6879796 0.0394555 0.7245060
4424.733333 8.3224335 1.8245063 57.2146606 0.0343756 -0.7094896 0.0316654 0.7031643
4425.033333 8.0193739 1.8249574 57.2424850 0.0174960 -0.6878247 0.0531996 0.7237132
4425.300000 7.7410793 1.8019958 57.2410393 0.0018277 -0.6999804 0.0289701 0.7135719
4425.800000 7.3119845 1.7804053 57.2946205 0.0044108 -0.6766564 0.0355215 0.7354284
4426.066667 7.0531278 1.7621343 57.3209763 -0.0078907 -0.6966560 0.0351464 0.7165004
4426.300000 6.8555889 1.7567209 57.3277512 0.0069042 -0.7136650 0.0336648 0.6996437
4426.533333 6.6412959 1.7187628 57.3517380 0.0162051 -0.6912116 0.0213174 0.7221561
4426.766667 6.4109015 1.7303785 57.3859062 0.0124473 -0.6852000 0.0318498 0.7275518
4427.100000 6.0887804 1.7006984 57.4085770 0.0119057 -0.7056722 0.0302047 0.7077942
4427.366667 5.8532557 1.7257445 57.4178505 0.0438674 -0.6982155 0.0360995 0.7136298
4427.600000 5.6394391 1.7199248 57.4476814 0.0283949 -0.6719201 0.0407603 0.7389558
4427.833333 5.4026308 1.7320073 57.4427719 0.0305870 -0.7074191 0.0403502 0.7049784
4429.000000 4.2582889 1.6149848 57.3852806 0.0263003 -0.7457094 0.0436968 0.6643165
4429.266667 3.9556308 1.5980445 57.4086571 0.0265353 -0.7029534 0.0344624 0.7099048
4429.600000 3.6160765 1.5662016 57.4242897 0.0024663 -0.7361091 0.0230444 0.6764660
4429.900000 3.3693938 1.5373076 57.4289436 0.0267752 -0.7322230 0.0213039 0.6802049
4430.133333 3.1053674 1.5272279 57.4342804 0.0251679 -0.7111611 0.0315948 0.7018677
4430.600000 2.6725519 1.4893545 57.4481850 0.0196004 -0.7514001 0.0606444 0.6567618
4430.833333 2.4353709 1.4627320 57.4798241 0.0120222 -0.7207450 0.0637765 0.6901555
4431.066667 2.1472726 1.4751377 57.4773750 0.0242556 -0.7081438 0.0539040 0.7035897
4431.300000 1.9308630 1.4441919 57.4651756 0.0125692 -0.7432960 0.0410987 0.6675807
4431.800000 1.4901495 1.4247566 57.5112495 0.0063924 -0.7116694 0.0418610 0.7012371
4432.033333 1.2332109 1.4466355 57.5119591 0.0131913 -0.7197584 0.0580468 0.6916678
4432.300000 1.0268017 1.4087081 57.5169792 0.0138677 -0.7229241 0.0426805 0.6894685
4432.533333 0.8490793 1.4091358 57.5348854 0.0422441 -0.6795033 0.0445658 0.7310982
4432.766667 0.6267102 1.4031132 57.5678787 0.0309410 -0.6318904 0.0333691 0.7737207
4433.033333 0.4088020 1.3988403 57.5940285 0.0291472 -0.6506098 0.0466612 0.7574167
4433.266667 0.1930420 1.3995314 57.5896149 0.0317297 -0.6702563 0.0491429 0.7398207
4433.500000 0.0471300 1.3870089 57.6134338 0.0325018 -0.6604080 0.0448017 0.7488644
4433.733333 -0.1759541 1.3874794 57.6446533 0.0233332 -0.6245242 0.0422974 0.7795101
4433.966667 -0.3732530 1.3878978 57.6608810 0.0199830 -0.6561871 0.0448496 0.7529991
4434.200000 -0.5396500 1.3721161 57.6463165 0.0219997 -0.6837929 0.0417050 0.7281511
4434.433333 -0.6790090 1.3729224 57.6496849 0.0380120 -0.6524308 0.0451458 0.7555469
4434.666667 -0.8746963 1.3694785 57.6733971 0.0350115 -0.6175410 0.0566873 0.7837116
4434.900000 -1.0612341 1.3792307 57.6609993 0.0318716 -0.6928636 0.0708924 0.7168671
4435.133333 -1.2397317 1.3624130 57.6266022 0.0322941 -0.7196640 0.0541253 0.6914558
4435.366667 -1.3883582 1.3311062 57.5984383 0.0430641 -0.7544280 0.0574175 0.6524471
4435.600000 -1.5417962 1.2879015 57.5554924 0.0349033 -0.7761609 0.0462703 0.6278655
4435.833333 -1.6812865 1.2686086 57.4917526 0.0425896 -0.8297561 0.0497598 0.5542697
4436.066667 -1.7774270 1.2142864 57.4308357 -0.0327079 0.9035013 -0.0470734 -0.4247348
4436.300000 -1.8749089 1.2076138 57.3767853 -0.0397648 0.9289839 -0.0517165 -0.3643255
4436.533333 -1.9529786 1.1827998 57.2730293 -0.0499240 0.9371878 -0.0417179 -0.3427044
4436.800000 -2.0410113 1.1913621 57.1435585 -0.0416866 0.9550652 -0.0471998 -0.2896289
4437.033333 -2.1126554 1.1700959 57.0332260 -0.0174915 0.9774181 -0.0545231 -0.2034086
4437.266667 -2.1548433 1.1717672 56.9058380 -0.0195110 0.9882907 -0.0368993 -0.1467626
4437.500000 -2.2033520 1.1614323 56.7868729 -0.0358432 0.9912303 -0.0425156 -0.1198755
4437.866667 -2.2909636 1.1620656 56.5803413 -0.0104951 0.9896104 -0.0378029 -0.1383186
4438.133333 -2.3429897 1.1327858 56.4361458 -0.0175440 0.9930317 -0.0334257 -0.1116372
4438.366667 -2.3579054 1.1401459 56.3061676 -0.0253049 0.9985160 -0.0312320 -0.0367421
4438.600000 -2.3808765 1.1362398 56.1612549 -0.0309762 0.9975287 -0.0332029 -0.0536140
4438.866667 -2.4382536 1.1315742 56.0025406 -0.0146893 0.9944450 -0.0204369 -0.1022037
4439.100000 -2.4746222 1.1240654 55.8621025 -0.0107381 0.9939013 -0.0360705 -0.1036524
4439.333333 -2.4874933 1.1116604 55.7420998 -0.0171853 0.9923292 -0.0372714 -0.1166118
4439.566667 -2.5070803 1.1263616 55.6055756 -0.0202213 0.9965314 -0.0436714 -0.0678903
4439.733333 -2.5316093 1.0994601 55.5087624 -0.0177658 0.9981712 -0.0315813 -0.0483872
4439.900000 -2.5484188 1.1052067 55.3986397 -0.0172095 0.9938233 -0.0278322 -0.1060392
4440.100000 -2.5642068 1.1127790 55.2725754 -0.0191382 0.9963501 -0.0384832 -0.0737513
4440.333333 -2.5759542 1.0918251 55.1316109 -0.0299240 0.9961720 -0.0395704 -0.0719729
4440.533333 -2.5746369 1.1164546 55.0000725 -0.0456118 0.9964785 -0.0428590 -0.0557971
4440.733333 -2.5983524 1.1013606 54.8788528 -0.0447977 0.9964727 -0.0370440 -0.0605238
4440.933333 -2.6193924 1.1053249 54.7440529 -0.0298608 0.9968764 -0.0276333 -0.0676925
4441.133333 -2.6574450 1.1115022 54.6227570 -0.0117253 0.9980442 -0.0293486 -0.0539350
4441.333333 -2.6680503 1.0882113 54.5052872 -0.0187312 0.9992124 -0.0187031 -0.0295613
4441.533333 -2.6810739 1.1028315 54.3867035 -0.0182407 0.9991026 -0.0169671 -0.0342549
4441.766667 -2.7120116 1.0969284 54.2510643 -0.0189803 0.9978637 -0.0217622 -0.0586014
4442.000000 -2.7353709 1.0943323 54.1065903 -0.0206402 0.9952247 -0.0184942 -0.0935930
4442.266667 -2.7586002 1.0918685 53.9541092 -0.0305117 0.9957361 -0.0494584 -0.0716422
4442.500000 -2.7772741 1.0863119 53.8167534 -0.0347868 0.9980618 -0.0390315 -0.0337513
4442.733333 -2.8052907 1.1000570 53.6714783 -0.0409362 0.9979913 -0.0337059 -0.0346618
4442.966667 -2.8421509 1.0849141 53.5215797 -0.0294280 0.9961753 -0.0140052 -0.0810715
4443.200000 -2.8851261 1.0923849 53.3846893 -0.0123577 0.9930832 -0.0328323 -0.1120490
4443.433333 -2.9065316 1.0698504 53.2487869 -0.0181533 0.9974903 -0.0256032 -0.0634661
4443.666667 -2.9203870 1.0899104 53.1061287 -0.0349870 0.9982445 -0.0249784 -0.0407420
4443.900000 -2.9515431 1.0685778 52.9715881 -0.0346647 0.9980526 -0.0154921 -0.0494914
4444.133333 -2.9749296 1.0781008 52.8385735 -0.0358924 0.9981233 -0.0179849 -0.0462394
4444.366667 -3.0049200 1.0655211 52.7179756 -0.0328093 0.9989702 -0.0308247 0.0056566
4444.600000 -3.0133891 1.0562056 52.6031876 -0.0386131 0.9979742 -0.0266643 0.0429608
4444.833333 -3.0198946 1.0693299 52.4875488 -0.0456107 0.9945021 -0.0404893 0.0851225
4445.066667 -3.0177164 1.0515087 52.3689423 -0.0421984 0.9931517 -0.0369447 0.1024896
4445.300000 -3.0003359 1.0733098 52.2428398 -0.0370980 0.9828192 -0.0346864 0.1774458
4445.533333 -2.9669158 1.0594283 52.1296196 -0.0354423 0.9615259 -0.0269263 0.2710845
4445.766667 -2.9148877 1.0730066 52.0239143 -0.0420558 0.9465909 -0.0106052 0.3195067
4446.000000 -2.8528869 1.0734850 51.9318085 -0.0509132 0.9364952 -0.0155829 0.3466146
4446.233333 -2.7921240 1.0714810 51.8399620 -0.0463969 0.9292690 -0.0134189 0.3662326
4446.466667 -2.7245238 1.0906943 51.7467270 -0.0360891 0.9077989 -0.0170435 0.4175023
4446.700000 -2.6418440 1.0845292 51.6708488 -0.0358286 0.8777276 -0.0078270 0.4777545
4446.933333 -2.5485234 1.1168855 51.6022758 -0.0357687 0.8629336 -0.0139236 0.5038574
4447.200000 -2.4390678 1.1169707 51.5322075 -0.0444210 0.8593256 -0.0160499 0.5092432
4447.433333 -2.3378010 1.1344500 51.4836769 -0.0414268 0.8263791 -0.0038714 0.5615749
4447.700000 -2.2470298 1.1373340 51.4327583 -0.0193578 0.7668341 -0.0074421 0.6415102
4448.033333 -2.1202812 1.1562201 51.3799400 -0.0175148 0.7638307 -0.0137970 0.6450315
4448.266667 -2.0379484 1.1586941 51.3438187 -0.0217170 0.7793363 -0.0234918 0.6257887
4448.500000 -1.9491886 1.1658368 51.3243942 -0.0363500 0.7596934 -0.0141508 0.6491105
4448.766667 -1.8720199 1.1733626 51.2981987 -0.0256272 0.7456332 -0.0126300 0.6657438
4449.200000 -1.7803133 1.1813524 51.2979317 -0.0282361 0.7230431 -0.0015164 0.6902239
4457.200000 -1.7227898 1.1922427 51.2787170 -0.0397305 0.7437215 0.0120969 0.6671982
4485.300000 -1.6923925 1.1970918 51.2805061 -0.0499014 0.7571692 0.0090869 0.6512465
4489.300000 -1.6821250 1.1999016 51.2738419 -0.0453874 0.7514794 0.0182243 0.6579412
4491.033333 -1.6013385 1.2138003 51.3026085 -0.0309587 0.7691476 0.0016050 0.6383189
4491.266667 -1.5211240 1.2582281 51.2860756 -0.0225057 0.7549770 -0.0037938 0.6553540
4491.500000 -1.4033924 1.2745054 51.2546921 -0.0357748 0.7663473 0.0124628 0.6413085
4491.733333 -1.2610345 1.2995018 51.2399178 -0.0471875 0.7495741 0.0271250 0.6596789
4492.000000 -1.1005141 1.2813301 51.2184830 -0.0412674 0.7921128 0.0049993 0.6089575
4492.266667 -0.9422249 1.2963095 51.1966743 -0.0326069 0.7954418 -0.0198541 0.6048264
4492.500000 -0.7933831 1.2795421 51.1775246 -0.0399572 0.7683502 -0.0170862 0.6385526
4492.733333 -0.6077871 1.3122369 51.1670876 -0.0525591 0.7235754 -0.0024945 0.6882369
4493.000000 -0.4043916 1.2988600 51.1551361 -0.0599262 0.7524552 -0.0123838 0.6557947
4493.300000 -0.1461900 1.3470325 51.1341286 -0.0337386 0.7558732 -0.0083350 0.6537950
4493.566667 0.0393429 1.3258615 51.1125336 -0.0189316 0.7587956 -0.0068039 0.6510181
4493.866667 0.2701547 1.3628223 51.1222229 -0.0205662 0.7438914 -0.0161312 0.6677892
4494.100000 0.4473936 1.3559319 51.1115227 -0.0324866 0.7422001 -0.0000584 0.6693904
4494.333333 0.6280662 1.3770889 51.0981712 -0.0136707 0.7323668 -0.0052861 0.6807525
4494.566667 0.8030508 1.3829600 51.0820503 -0.0292613 0.7698355 -0.0010438 0.6375704
4494.800000 0.9390293 1.3801974 51.0574188 -0.0179374 0.7321748 -0.0089997 0.6808211
4495.033333 1.1615227 1.3994379 51.0615883 -0.0291755 0.7566202 0.0037277 0.6531927
4495.266667 1.3430363 1.4174380 51.0337181 -0.0144082 0.7461300 0.0095486 0.6655759
4495.500000 1.5375215 1.4293207 51.0356445 -0.0327028 0.7529458 0.0155896 0.6570846
4495.733333 1.6770902 1.4320883 51.0083084 -0.0274194 0.7308706 0.0005005 0.6819649
4495.966667 1.8897946 1.4335579 50.9993286 -0.0303564 0.7451096 0.0071209 0.6662127
4496.200000 2.0675163 1.4553910 50.9731407 -0.0141836 0.7422823 -0.0084841 0.6698834
4496.433333 2.2780182 1.4588156 50.9773254 -0.0287425 0.7223517 0.0022639 0.6909246
4496.666667 2.4211745 1.4760600 50.9617233 -0.0311572 0.7101286 -0.0174380 0.7031660
4496.900000 2.6182225 1.4748011 50.9388962 -0.0487652 0.7217106 -0.0070984 0.6904385
4497.133333 2.8084495 1.5131032 50.9087105 -0.0221588 0.7327635 -0.0033843 0.6801141
4497.366667 2.9918044 1.5132923 50.8885918 -0.0154089 0.7423511 0.0019554 0.6698311
4497.600000 3.1516459 1.5366131 50.8748131 -0.0167303 0.7170330 -0.0123523 0.6967289
4497.833333 3.3464894 1.5261705 50.8466072 -0.0249918 0.7365803 0.0097259 0.6758182
4498.066667 3.5316505 1.5710642 50.8217506 -0.0109610 0.7458702 0.0101350 0.6659240
4498.300000 3.7032089 1.5560985 50.7959747 -0.0239320 0.7453361 0.0056311 0.6662355
4498.566667 3.9026601 1.5923121 50.7895279 -0.0309843 0.7161571 0.0000544 0.6972510
4498.800000 4.0922017 1.5891801 50.7703476 -0.0324655 0.7427870 0.0009491 0.6687395
4499.033333 4.2762432 1.6258554 50.7398109 -0.0150807 0.7452625 -0.0049355 0.6665823
4499.266667 4.4618483 1.6219907 50.7345047 -0.0199827 0.7228245 0.0028209 0.6907369
4499.500000 4.6309667 1.6542625 50.7331085 -0.0274904 0.7212818 -0.0144406 0.6919453
4499.733333 4.8194122 1.6457391 50.7196770 -0.0272214 0.7351350 -0.0153988 0.6771989
4499.966667 5.0096636 1.6787740 50.6921806 -0.0159221 0.7245981 -0.0105286 0.6889073
4500.200000 5.2088947 1.6672245 50.6878510 -0.0387258 0.7226191 0.0067997 0.6901273
4500.433333 5.3842788 1.6806272 50.6754723 -0.0374175 0.7122657 -0.0015092 0.7009103
4500.700000 5.5945258 1.6529990 50.6544838 -0.0415917 0.7306095 0.0080763 0.6814798
4500.933333 5.7656670 1.6684784 50.6227341 -0.0169129 0.7204763 0.0022034 0.6932697
4501.166667 5.9414077 1.6531951 50.6167946 -0.0296476 0.7116221 0.0072894 0.7018988
4501.400000 6.1018653 1.6795803 50.6071625 -0.0356255 0.7047961 -0.0064803 0.7084852
4501.633333 6.2815857 1.6595594 50.5854073 -0.0411003 0.7177083 -0.0037931 0.6951196
4501.866667 6.4648080 1.6930561 50.5653381 -0.0221516 0.7197646 -0.0139881 0.6937236
4502.100000 6.6400142 1.6786823 50.5378113 -0.0292262 0.7240935 -0.0015302 0.6890807
4502.333333 6.8205266 1.7124305 50.5414925 -0.0330280 0.6962612 -0.0064493 0.7169992
4502.566667 7.0069232 1.6921842 50.5151825 -0.0513758 0.7056913 0.0154367 0.7064856
4502.800000 7.1867852 1.7219044 50.4988708 -0.0383461 0.7164926 0.0095389 0.6964747
4503.033333 7.3532782 1.7080700 50.4766884 -0.0266372 0.7025859 0.0096269 0.7110350
4503.300000 7.5577521 1.7406198 50.4734268 -0.0287278 0.7144128 -0.0069802 0.6990997
4503.600000 7.7962866 1.7358648 50.4453506 -0.0326205 0.7186239 -0.0077023 0.6945907
4503.833333 8.0033579 1.7758238 50.4186630 -0.0207879 0.7415945 -0.0045362 0.6705109
4504.066667 8.1907063 1.7741703 50.4175606 -0.0248386 0.7140035 0.0100403 0.6996294
4504.366667 8.3833733 1.7793914 50.4028778 -0.0231593 0.7274253 -0.0151944 0.6856276
4504.666667 8.6106291 1.8012122 50.3698273 -0.0161465 0.7342568 -0.0065090 0.6786486
4504.900000 8.7830629 1.7942922 50.3336411 -0.0073147 0.7388947 -0.0004217 0.6737811
4505.166667 8.9842405 1.8285265 50.3312721 -0.0208773 0.7332644 -0.0130560 0.6794975
4505.433333 9.2028704 1.8305656 50.2945824 -0.0293865 0.7438047 -0.0035906 0.6677411
4505.700000 9.4152975 1.8647523 50.2572441 -0.0101420 0.7419483 0.0027626 0.6703747
4505.966667 9.6154013 1.8447834 50.2258759 -0.0204402 0.7383935 0.0118765 0.6739557
4507.033333 10.4874401 1.9041948 49.9922485 -0.0189691 0.7043515 -0.0124434 0.7094887
4507.300000 10.6455946 1.8835057 49.9651299 -0.0376666 0.7238076 -0.0081148 0.6889252
4507.666667 10.9709625 1.9330846 49.9147377 -0.0112137 0.7454534 -0.0158511 0.6662749
4507.966667 11.2016592 1.9381198 49.9001350 -0.0225045 0.7386665 -0.0188593 0.6734313
4508.233333 11.4062080 1.9350884 49.8636017 -0.0258626 0.7315376 0.0021799 0.6813070
4508.466667 11.5947123 1.9692633 49.8300705 -0.0120764 0.7517585 0.0083443 0.6592752
4508.733333 11.7722101 1.9421490 49.8019028 -0.0080097 0.7257361 0.0107450 0.6878427
4509.000000 11.9802132 1.9849050 49.8038750 -0.0141302 0.7153639 -0.0036332 0.6985998
4509.266667 12.1783342 1.9722061 49.7746239 -0.0269595 0.7410090 0.0068598 0.6709186
4509.533333 12.3817625 2.0003140 49.7438545 -0.0208430 0.7147897 0.0166081 0.6988314
4509.800000 12.5923738 1.9987819 49.7218323 -0.0277874 0.7239682 0.0116613 0.6891748
4510.066667 12.8052092 2.0331407 49.6937065 -0.0246707 0.7416818 -0.0052718 0.6702774
4510.600000 13.2603016 2.0450544 49.6212730 -0.0128157 0.7423075 0.0114417 0.6698391
4510.866667 13.4183121 2.0503700 49.5908585 -0.0136890 0.7404752 -0.0012340 0.6719431
4511.166667 13.6710596 2.0529888 49.5804214 -0.0229912 0.7537941 -0.0148566 0.6565403
4511.466667 13.9571295 2.0989699 49.5544968 -0.0277382 0.7625641 -0.0047083 0.6463006
4511.700000 14.1616745 2.0910802 49.5501404 -0.0391966 0.7207065 0.0104441 0.6920525
4511.966667 14.3401756 2.1020193 49.5359421 -0.0457338 0.6967356 -0.0017840 0.7158664
4512.200000 14.5130806 2.1022453 49.5072594 -0.0420536 0.7323236 0.0042313 0.6796439
4512.433333 14.7153330 2.1246946 49.4866867 -0.0168239 0.7344989 0.0097228 0.6783316
4512.666667 14.8818274 2.1198452 49.4801788 -0.0214856 0.7169144 0.0079036 0.6967853
4512.966667 15.0939560 2.1383781 49.4634972 -0.0187968 0.7321048 -0.0191958 0.6806620
4513.233333 15.3298922 2.1746926 49.4504051 -0.0167692 0.7244352 -0.0179197 0.6889059
4513.533333 15.5485411 2.1563301 49.4180908 -0.0288404 0.7263753 -0.0083906 0.6866416
4513.800000 15.7542486 2.2006207 49.4024887 -0.0305254 0.7150741 -0.0057793 0.6983579
4514.066667 15.9598055 2.1831770 49.3651505 -0.0302477 0.7443503 0.0116592 0.6670022
4514.300000 16.1442680 2.2091708 49.3315468 -0.0145494 0.7515029 0.0105261 0.6594853
4514.533333 16.3321877 2.2045836 49.3255081 -0.0252460 0.7421703 0.0131685 0.6696062
4514.800000 16.5135670 2.2272770 49.3046188 -0.0243154 0.7406096 0.0052169 0.6714752
4515.033333 16.7020512 2.2325540 49.2894020 -0.0202000 0.7334727 -0.0010576 0.6794178
4515.300000 16.9042568 2.2498977 49.2515373 -0.0101339 0.7161766 -0.0040301 0.6978339
4515.566667 17.1341877 2.2733674 49.2475319 -0.0350764 0.6944379 0.0119180 0.7185984
4515.833333 17.3288193 2.2734871 49.2057648 -0.0341339 0.7195381 0.0108229 0.6935291
4516.100000 17.5425358 2.3065712 49.1669540 -0.0106720 0.7495707 0.0180275 0.6615927
4516.400000 17.7689724 2.2959054 49.1373672 -0.0224070 0.7333440 0.0248560 0.6790336
4516.633333 17.9435005 2.3282747 49.1434784 -0.0335197 0.7300631 0.0051920 0.6825374
